1.800180018001800136e+03,6.177215487675114858e+00
1.802610504074709752e+03,-8.499472705009115714e+01
1.805040990147619596e+03,-1.792408576447916460e+02
1.807471476220529212e+03,-5.713764208517259391e+01
1.809901962293439055e+03,1.107289311339488620e+02
1.812332448366348672e+03,-8.317178935565213749e+01
1.814762934439258515e+03,1.128366919294523711e+02
1.817193420512168132e+03,2.217756192771759771e+01
1.819623906585077975e+03,-5.494329341555662438e+01
1.822054392657987592e+03,-1.244774225469658901e+01
1.824484878730897435e+03,7.652636695918099008e+01
1.826915364803807051e+03,1.436860690764737036e+01
1.829345850876716895e+03,2.359856422870132064e+01
1.831776336949626511e+03,-2.102871343223412026e+01
1.834206823022536128e+03,2.581665578339104883e+01
1.836637309095445971e+03,-1.528071051212157272e+02
1.839067795168355588e+03,1.719968448043927367e+02
1.841498281241265431e+03,4.086099207643488285e+01
1.843928767314175047e+03,7.510213110924037494e+01
1.846359253387084891e+03,-4.321983739063860241e+01
1.848789739459994507e+03,-8.886488382668501629e+01
1.851220225532904351e+03,7.484832012315864347e+01
1.853650711605813967e+03,-3.629307709481342670e+01
1.856081197678723811e+03,-1.403974246409777926e+01
1.858511683751633427e+03,1.632111062878388452e+02
1.860942169824543271e+03,9.487485182587309396e+01
1.863372655897452887e+03,7.033574065399480446e+01
1.865803141970362503e+03,-8.862447081410773819e+01
1.868233628043272347e+03,1.930184064216516759e+01
1.870664114116181963e+03,-2.350619193848829269e+01
1.873094600189091807e+03,1.107304421440888689e+02
1.875525086262001423e+03,-8.503964705237243038e+01
1.877955572334911267e+03,-1.617525360902643428e+01
1.880386058407820883e+03,-5.402412269868145955e+01
1.882816544480730727e+03,-9.564003137885052297e+01
1.885247030553640343e+03,1.902596670383881161e+01
1.887677516626550187e+03,-1.144918932080567586e+01
1.890108002699459803e+03,-2.942455748690347317e+00
1.892538488772369647e+03,-1.586305820179519444e+01
1.894968974845279263e+03,6.295836465764705459e+00
1.897399460918189106e+03,-7.528105833501066968e+01
1.899829946991098723e+03,6.835453011782963983e+01
1.902260433064008339e+03,2.377690039021418755e+01
1.904690919136918183e+03,1.119984320904432735e+02
1.907121405209827799e+03,3.844254242427938095e+01
1.909551891282737643e+03,-1.987222214363537987e+01
1.911982377355647259e+03,9.836008293722386497e+00
1.914412863428557102e+03,-3.105714677481025632e+01
1.916843349501466719e+03,5.876666413317375159e+00
1.919273835574376562e+03,-4.926469125745734345e+01
1.921704321647286179e+03,-5.086769592785209682e+01
1.924134807720196022e+03,-7.884022929388640577e+00
1.926565293793105639e+03,-3.812541611135291220e+01
1.928995779866015255e+03,1.969040606375305202e+01
1.931426265938925098e+03,-1.697801081728682604e+01
1.933856752011834942e+03,6.529970861792163817e+01
1.936287238084744558e+03,-1.448214573253530091e+01
1.938717724157654175e+03,-4.903853725973182520e+01
1.941148210230564018e+03,4.428514112308887718e+01
1.943578696303473635e+03,-2.820208288146377384e+01
1.946009182376383478e+03,-1.370085535089214979e+01
1.948439668449293094e+03,7.703021140234055508e+01
1.950870154522202938e+03,1.345876799305432669e+01
1.953300640595112554e+03,5.314907988255565385e+01
1.955731126668022398e+03,-2.709333328469388569e+00
1.958161612740932014e+03,-6.079718755627660443e+01
1.960592098813841858e+03,5.831747238420696533e+01
1.963022584886751474e+03,5.085311479681432445e+01
1.965453070959661090e+03,2.291706893461133987e+01
1.967883557032570934e+03,1.183398831890723635e+01
1.970314043105480550e+03,6.581212347987960243e+01
1.972744529178390394e+03,-4.940779047756796416e+01
1.975175015251300010e+03,-7.366856716405800753e+00
1.977605501324209854e+03,7.045736689541213593e+01
1.980035987397119470e+03,6.935987211297916133e+01
1.982466473470029314e+03,-4.798736212925135902e+01
1.984896959542938930e+03,-2.517253310975916847e+01
1.987327445615848774e+03,-1.690820798234604538e+01
1.989757931688758390e+03,-2.969216418491112819e+01
1.992188417761668234e+03,3.034062690738278434e+01
1.994618903834577850e+03,-3.057845153458348619e+01
1.997049389907487694e+03,1.155837871354881798e+02
1.999479875980397310e+03,-9.292367776883226327e+01
2.001910362053306926e+03,-2.678031331349210831e+01
2.004340848126216770e+03,9.130726782351010229e+01
2.006771334199126386e+03,4.648996972194554544e+00
2.009201820272036230e+03,4.242100491850773381e+01
2.011632306344945846e+03,2.524990012997909261e+01
2.014062792417855690e+03,1.006159678672277522e+02
2.016493278490765306e+03,2.116598253606902347e+00
2.018923764563675149e+03,2.634748357659828599e+01
2.021354250636584766e+03,-1.516290539184348596e+01
2.023784736709494609e+03,-5.220705711315964948e+01
2.026215222782404226e+03,3.079786556200516401e+01
2.028645708855313842e+03,1.635395955895323894e+01
2.031076194928223686e+03,-2.366929760132009619e+01
2.033506681001133529e+03,2.345764772846532509e+01
2.035937167074043145e+03,2.915162254168011557e+01
2.038367653146952762e+03,3.823100783745119458e+01
2.040798139219862605e+03,8.726924834704021805e+01
2.043228625292772222e+03,-2.023184555353907399e+00
2.045659111365682065e+03,9.913216158077318596e+01
2.048089597438591682e+03,2.345464788066390582e+01
2.050520083511501525e+03,3.843836074962966620e+01
2.052950569584411369e+03,5.179442181460857597e+01
2.055381055657320758e+03,3.728411300156744801e+01
2.057811541730230601e+03,2.368199642636499647e+01
2.060242027803140445e+03,9.551408562896819276e+00
2.062672513876050289e+03,-1.158119270624484543e+01
2.065102999948959678e+03,5.903604897680089891e+01
2.067533486021869521e+03,-1.587739098249231873e+01
2.069963972094779365e+03,6.695659023353080386e+01
2.072394458167688754e+03,2.810192184887622346e+01
2.074824944240598597e+03,-1.643697118470993201e+00
2.077255430313508441e+03,5.939979636854045708e+01
2.079685916386418285e+03,3.043447714008019744e+01
2.082116402459327674e+03,1.450810741001400004e+02
2.084546888532237517e+03,1.066670761595051475e+00
2.086977374605147361e+03,1.243480865387136589e+02
2.089407860678056750e+03,9.647433868239716048e+01
2.091838346750966593e+03,3.450862225987517462e+01
2.094268832823876437e+03,1.125057185560848154e+02
2.096699318896786281e+03,1.033812864007706764e+02
2.099129804969696124e+03,1.294631819015009171e+02
2.101560291042605513e+03,9.163430062670337861e+01
2.103990777115515357e+03,4.799925800677387855e+01
2.106421263188425200e+03,1.149399613617456453e+02
2.108851749261334589e+03,4.919603013706457517e+01
2.111282235334244433e+03,4.609467709173610928e+01
2.113712721407154277e+03,5.623044587905686598e+01
2.116143207480064120e+03,6.912822034848966268e+01
2.118573693552973509e+03,1.073525953903416905e+02
2.121004179625883353e+03,1.270449471464730493e+02
2.123434665698793196e+03,1.500110191659292980e+02
2.125865151771702585e+03,7.347199958889464710e+01
2.128295637844612429e+03,1.364850631610146365e+02
2.130726123917522273e+03,1.536795643092146122e+02
2.133156609990432116e+03,2.276706949846697370e+01
2.135587096063341960e+03,5.611983909851983299e+01
2.138017582136251349e+03,1.223418301741668017e+02
2.140448068209161192e+03,5.952102438602074841e+01
2.142878554282071036e+03,6.671322551011259350e+01
2.145309040354980425e+03,1.645835836481259662e+02
2.147739526427890269e+03,1.607274946625522034e+02
2.150170012500800112e+03,8.419920715089827468e+01
2.152600498573709956e+03,8.693534288590930714e+01
2.155030984646619345e+03,1.580859107344048766e+02
2.157461470719529189e+03,9.401008398365516427e+01
2.159891956792439032e+03,1.158199170138642131e+02
2.162322442865348421e+03,1.567646077813695342e+02
2.164752928938258265e+03,1.647692688066883306e+02
2.167183415011168108e+03,1.301285514045209482e+02
2.169613901084077952e+03,1.679737308488998622e+02
2.172044387156987341e+03,1.221351209877730497e+02
2.174474873229897185e+03,1.950451351238071709e+02
2.176905359302807028e+03,1.633042293809073158e+02
2.179335845375716872e+03,1.535186603961685137e+02
2.181766331448626261e+03,2.037039604683057803e+02
2.184196817521536104e+03,1.916821416030773833e+02
2.186627303594445948e+03,4.957887713046021361e+01
2.189057789667355792e+03,1.945044524407605309e+02
2.191488275740265181e+03,2.711412916773796837e+02
2.193918761813175024e+03,1.916590680170992869e+02
2.196349247886084868e+03,1.882706521158063993e+02
2.198779733958994257e+03,2.099515142061200095e+02
2.201210220031904100e+03,2.821695846929059712e+02
2.203640706104813944e+03,2.717677959749696583e+02
2.206071192177723788e+03,2.842782138301500936e+02
2.208501678250633177e+03,2.514487849103437043e+02
2.210932164323543020e+03,3.018618571441622294e+02
2.213362650396452864e+03,3.317822553485583512e+02
2.215793136469362707e+03,3.220439540178075504e+02
2.218223622542272096e+03,2.927529967257755175e+02
2.220654108615181940e+03,3.024356933717913876e+02
2.223084594688091784e+03,2.837084254876166369e+02
2.225515080761001627e+03,2.943040816676473810e+02
2.227945566833911016e+03,3.941439130394024346e+02
2.230376052906820860e+03,3.308186566296029696e+02
2.232806538979730703e+03,3.343195566161919601e+02
2.235237025052640092e+03,4.556149532319176387e+02
2.237667511125549936e+03,3.677071660243365727e+02
2.240097997198459780e+03,4.113930342091708781e+02
2.242528483271369623e+03,3.736905581641094045e+02
2.244958969344279012e+03,3.500467534772589033e+02
2.247389455417188856e+03,4.252169122514781634e+02
2.249819941490098699e+03,4.361321342195718671e+02
2.252250427563008088e+03,4.638638419687476926e+02
2.254680913635917932e+03,4.030105332662479896e+02
2.257111399708827776e+03,4.432733090325156695e+02
2.259541885781737619e+03,4.430440118217981080e+02
2.261972371854647463e+03,4.605324617190192953e+02
2.264402857927556852e+03,4.702279990302401416e+02
2.266833344000466695e+03,4.831934499565603005e+02
2.269263830073376539e+03,4.956898687148657814e+02
2.271694316146285928e+03,4.465858418754736476e+02
2.274124802219195772e+03,5.908013221163398612e+02
2.276555288292105615e+03,5.471682478231298319e+02
2.278985774365015459e+03,5.268826346064909103e+02
2.281416260437924848e+03,5.182514581868565529e+02
2.283846746510834691e+03,5.962664709969651540e+02
2.286277232583744535e+03,5.329045575785982010e+02
2.288707718656653924e+03,5.613352629735373966e+02
2.291138204729563768e+03,5.966964908998986630e+02
2.293568690802473611e+03,5.945432296208336993e+02
2.295999176875383455e+03,6.092582363434413537e+02
2.298429662948293299e+03,5.480841399295777592e+02
2.300860149021202687e+03,5.301195228575440979e+02
2.303290635094112531e+03,5.834643902599466401e+02
2.305721121167022375e+03,5.835554519973057950e+02
2.308151607239931764e+03,6.461264169015761354e+02
2.310582093312841607e+03,6.212639185845606562e+02
2.313012579385751451e+03,6.815939446241294490e+02
2.315443065458661295e+03,6.340406722377028927e+02
2.317873551531570683e+03,6.081616222757190826e+02
2.320304037604480527e+03,6.867094541008366377e+02
2.322734523677390371e+03,5.803875007396372894e+02
2.325165009750299760e+03,7.099575256275827542e+02
2.327595495823209603e+03,6.654195721192287465e+02
2.330025981896119447e+03,7.096433592239885684e+02
2.332456467969029291e+03,6.961017272432300160e+02
2.334886954041939134e+03,7.366301803288322390e+02
2.337317440114848523e+03,6.830166360437883668e+02
2.339747926187758367e+03,6.782135287925502780e+02
2.342178412260667756e+03,7.681885125541108437e+02
2.344608898333577599e+03,7.416079783610390450e+02
2.347039384406487443e+03,7.561406409185282200e+02
2.349469870479397287e+03,7.647953717421655710e+02
2.351900356552307130e+03,7.615778923440120707e+02
2.354330842625216519e+03,8.202647496390600281e+02
2.356761328698126363e+03,7.512259085823003488e+02
2.359191814771036206e+03,7.859802733401750174e+02
2.361622300843945595e+03,8.907416537227188655e+02
2.364052786916855439e+03,8.533262505280861205e+02
2.366483272989765283e+03,8.293854119333067274e+02
2.368913759062675126e+03,8.404324056809339254e+02
2.371344245135584970e+03,8.399552921191946098e+02
2.373774731208494359e+03,9.001141844623252837e+02
2.376205217281404202e+03,9.424024658206253662e+02
2.378635703354313591e+03,8.952471353120743061e+02
2.381066189427223435e+03,9.195301851719447086e+02
2.383496675500133279e+03,8.594513668388660790e+02
2.385927161573043122e+03,9.157676620341451326e+02
2.388357647645952966e+03,9.343174348751196021e+02
2.390788133718862355e+03,9.700053945160505009e+02
2.393218619791772198e+03,1.028837533945139739e+03
2.395649105864682042e+03,9.884898395388405561e+02
2.398079591937591431e+03,1.031399152332809990e+03
2.400510078010501275e+03,9.993662361005901857e+02
2.402940564083411118e+03,1.052784303203424997e+03
2.405371050156320962e+03,1.084697865713387955e+03
2.407801536229230351e+03,1.112620925601609542e+03
2.410232022302140194e+03,1.097645658545736069e+03
2.412662508375050038e+03,1.062315077015722864e+03
2.415092994447959427e+03,1.091040144111151221e+03
2.417523480520869271e+03,1.158381451248685607e+03
2.419953966593779114e+03,1.155589312792077635e+03
2.422384452666688958e+03,1.166315418362493801e+03
2.424814938739598801e+03,1.189429928875608539e+03
2.427245424812508190e+03,1.258870314860245799e+03
2.429675910885418034e+03,1.314996826409610549e+03
2.432106396958327878e+03,1.240142487232104713e+03
2.434536883031237267e+03,1.282394608867370152e+03
2.436967369104147110e+03,1.387286207503601645e+03
2.439397855177056954e+03,1.335576788175382262e+03
2.441828341249966797e+03,1.339732319094703143e+03
2.444258827322876186e+03,1.432512023990452008e+03
2.446689313395786030e+03,1.415717176236547402e+03
2.449119799468695874e+03,1.369125540833138530e+03
2.451550285541605263e+03,1.537102494927225735e+03
2.453980771614515106e+03,1.432235139108059684e+03
2.456411257687424950e+03,1.482420917494374862e+03
2.458841743760334793e+03,1.588903786329073910e+03
2.461272229833244637e+03,1.653389895150577559e+03
2.463702715906154026e+03,1.673043344435005110e+03
2.466133201979063870e+03,1.707960621982481371e+03
2.468563688051973713e+03,1.714906753430453591e+03
2.470994174124883102e+03,1.739921887319200778e+03
2.473424660197792946e+03,1.697273781820952991e+03
2.475855146270702789e+03,1.724111125714268155e+03
2.478285632343612633e+03,1.835663373879351639e+03
2.480716118416522022e+03,1.946503441102877332e+03
2.483146604489431866e+03,1.873243478818185395e+03
2.485577090562341709e+03,1.889425978091113166e+03
2.488007576635251098e+03,1.790938158056967268e+03
2.490438062708160942e+03,1.954625903303117866e+03
2.492868548781070785e+03,2.061141426765633241e+03
2.495299034853980629e+03,1.991029682422462884e+03
2.497729520926890473e+03,2.050234175388736276e+03
2.500160006999799862e+03,1.971786020937551712e+03
2.502590493072709705e+03,2.193246811526777492e+03
2.505020979145619094e+03,2.042304927892402247e+03
2.507451465218528938e+03,2.146574440849261009e+03
2.509881951291438781e+03,2.134793645733044741e+03
2.512312437364348625e+03,2.051266140063341936e+03
2.514742923437258469e+03,2.299688912842261743e+03
2.517173409510167858e+03,2.224117216295685466e+03
2.519603895583077701e+03,2.240683731046949106e+03
2.522034381655987545e+03,2.377704919982726096e+03
2.524464867728896934e+03,2.129201695946537257e+03
2.526895353801806777e+03,2.213615311871668837e+03
2.529325839874716621e+03,2.211035584610681781e+03
2.531756325947626465e+03,2.102000601482794536e+03
2.534186812020536308e+03,1.991837996077640810e+03
2.536617298093445697e+03,2.027471485331150006e+03
2.539047784166355541e+03,2.284326620773764716e+03
2.541478270239264930e+03,2.220316187857512432e+03
2.543908756312174773e+03,2.044300859475236621e+03
2.546339242385084617e+03,1.977026217231598366e+03
2.548769728457994461e+03,1.934687859749283234e+03
2.551200214530904304e+03,2.049802253402452152e+03
2.553630700603813693e+03,2.049860206092327644e+03
2.556061186676723537e+03,2.383016358296946237e+03
2.558491672749633381e+03,2.420871522895217822e+03
2.560922158822542769e+03,1.777767541695453474e+03
2.563352644895452613e+03,1.419168398234281995e+03
2.565783130968362457e+03,1.784314371005746125e+03
2.568213617041272300e+03,2.043139846257344743e+03
2.570644103114181689e+03,1.817396254090491539e+03
2.573074589187091533e+03,2.035796748607130667e+03
2.575505075260001377e+03,1.763942209815469596e+03
2.577935561332910765e+03,1.968983419730720925e+03
2.580366047405820609e+03,2.177812196307886097e+03
2.582796533478730453e+03,1.638051183754594831e+03
2.585227019551640296e+03,1.622695093222012929e+03
2.587657505624550140e+03,1.811944049863284363e+03
2.590087991697459529e+03,1.941211333866124960e+03
2.592518477770369373e+03,2.071740518551861896e+03
2.594948963843279216e+03,1.185095535210407888e+03
2.597379449916188605e+03,1.686443418000092151e+03
2.599809935989098449e+03,2.460195851984188266e+03
2.602240422062008292e+03,2.116634642532939324e+03
2.604670908134918136e+03,1.460781581729958361e+03
2.607101394207827525e+03,1.589087587641500022e+03
2.609531880280737369e+03,2.167512176075811567e+03
2.611962366353647212e+03,2.394758228756933931e+03
2.614392852426556601e+03,2.380683193240170112e+03
2.616823338499466445e+03,1.637997080745896938e+03
2.619253824572376288e+03,2.062539173184060928e+03
2.621684310645286132e+03,2.272088657233015056e+03
2.624114796718195976e+03,3.133091574563802169e+03
2.626545282791105365e+03,2.606456209424085955e+03
2.628975768864015208e+03,2.282708439443716543e+03
2.631406254936925052e+03,1.870433793265583972e+03
2.633836741009834441e+03,2.719718371526358624e+03
2.636267227082744284e+03,3.527003851577654132e+03
2.638697713155654128e+03,3.939748372703763835e+03
2.641128199228563972e+03,3.544177969048023897e+03
2.643558685301473361e+03,3.422658064336401821e+03
2.645989171374383204e+03,3.146501921415708239e+03
2.648419657447293048e+03,3.453556402854328098e+03
2.650850143520202437e+03,3.745187274717593482e+03
2.653280629593112280e+03,3.236410942197094755e+03
2.655711115666022124e+03,3.159639147930827221e+03
2.658141601738931968e+03,3.155308273045870919e+03
2.660572087811841811e+03,2.536154604769165417e+03
2.663002573884751200e+03,2.629621031588046208e+03
2.665433059957661044e+03,1.625678465641413595e+03
2.667863546030570888e+03,1.432088893304548492e+03
2.670294032103480276e+03,1.767191251011762461e+03
2.672724518176390120e+03,2.063783465794772837e+03
2.675155004249299964e+03,2.149174110286495306e+03
2.677585490322209807e+03,1.653299726493564549e+03
2.680015976395119196e+03,2.251792963116950887e+03
2.682446462468029040e+03,3.066522358204606462e+03
2.684876948540938884e+03,2.607280298664430120e+03
2.687307434613848272e+03,2.741943278032232683e+03
2.689737920686758116e+03,3.377220731361257094e+03
2.692168406759667960e+03,3.345137938959270741e+03
2.694598892832577803e+03,2.390816583239615284e+03
2.697029378905487647e+03,3.067998125303302913e+03
2.699459864978397036e+03,3.861910450981790746e+03
2.701890351051306880e+03,3.238125779176637025e+03
2.704320837124216268e+03,3.870115886623818369e+03
2.706751323197126112e+03,3.780590526829614646e+03
2.709181809270035956e+03,3.002583788625723628e+03
2.711612295342945799e+03,2.541888322190161034e+03
2.714042781415855643e+03,3.719151602425255078e+03
2.716473267488765032e+03,3.933027817142340609e+03
2.718903753561674876e+03,3.131171610633563887e+03
2.721334239634584719e+03,2.430106899746856925e+03
2.723764725707494108e+03,3.110368780133981545e+03
2.726195211780403952e+03,3.481323291842853450e+03
2.728625697853313795e+03,4.673787481868567738e+03
2.731056183926223639e+03,5.376188883658202030e+03
2.733486669999133483e+03,5.073018386777022897e+03
2.735917156072042872e+03,3.950136314390278130e+03
2.738347642144952715e+03,3.594234169991933413e+03
2.740778128217862104e+03,2.502522315485576655e+03
2.743208614290771948e+03,3.841725228143729510e+03
2.745639100363681791e+03,5.377169449268036260e+03
2.748069586436591635e+03,5.421728103715485304e+03
2.750500072509501479e+03,4.920628941425621633e+03
2.752930558582410868e+03,4.692040745525793682e+03
2.755361044655320711e+03,3.238882528491891662e+03
2.757791530728230555e+03,3.984118128312400131e+03
2.760222016801139944e+03,5.366707645961649177e+03
2.762652502874049787e+03,4.092865320590233750e+03
2.765082988946959631e+03,3.890223892631611761e+03
2.767513475019869475e+03,4.783879457624011593e+03
2.769943961092778864e+03,4.971561797387235856e+03
2.772374447165688707e+03,5.608751900171698253e+03
2.774804933238598551e+03,7.040782475126465215e+03
2.777235419311507940e+03,6.228338535388822493e+03
2.779665905384417783e+03,5.641050303637142861e+03
2.782096391457327627e+03,5.411026766470311486e+03
2.784526877530237471e+03,5.551570396713025730e+03
2.786957363603147314e+03,5.400630676363151906e+03
2.789387849676056703e+03,6.220874911675819021e+03
2.791818335748966547e+03,7.093417258374456651e+03
2.794248821821876390e+03,7.670090482094199615e+03
2.796679307894785779e+03,7.833275299626830019e+03
2.799109793967695623e+03,7.655293823375624015e+03
2.801540280040605467e+03,7.034790700754192585e+03
2.803970766113515310e+03,4.936856213959293200e+03
2.806401252186424699e+03,6.900483724098872699e+03
2.808831738259334543e+03,7.805936255227516995e+03
2.811262224332244386e+03,8.402114698182487700e+03
2.813692710405153775e+03,9.036901708937337389e+03
2.816123196478063619e+03,8.455293392400964876e+03
2.818553682550973463e+03,9.782514954672300519e+03
2.820984168623883306e+03,8.862136745776031603e+03
2.823414654696793150e+03,9.679899889672635254e+03
2.825845140769702539e+03,1.185797978026908277e+04
2.828275626842612382e+03,1.040515455822591866e+04
2.830706112915521771e+03,1.254639163980184094e+04
2.833136598988431615e+03,1.206551256280864254e+04
2.835567085061341459e+03,1.139331596947042090e+04
2.837997571134251302e+03,1.172330363466438394e+04
2.840428057207161146e+03,1.262688795572400340e+04
2.842858543280070990e+03,1.318585758557532063e+04
2.845289029352980378e+03,1.349883062978371163e+04
2.847719515425890222e+03,1.334396903336183823e+04
2.850150001498799611e+03,1.276204094662222269e+04
2.852580487571709455e+03,1.287978420062540499e+04
2.855010973644619298e+03,1.108109321741232270e+04
2.857441459717529142e+03,1.040524098533713550e+04
2.859871945790438986e+03,1.482067106709807740e+04
2.862302431863348374e+03,1.409794258780974815e+04
2.864732917936258218e+03,1.252372093854409286e+04
2.867163404009167607e+03,1.293816611129944249e+04
2.869593890082077451e+03,1.251057325576501717e+04
2.872024376154987294e+03,1.248839338829504777e+04
2.874454862227897138e+03,1.104179119332523624e+04
2.876885348300806982e+03,1.162192793291652197e+04
2.879315834373716825e+03,1.087515475884275656e+04
2.881746320446626214e+03,1.000518648737518379e+04
2.884176806519535603e+03,8.443215942885484765e+03
2.886607292592445447e+03,9.738029375746245933e+03
2.889037778665355290e+03,8.343936340095318883e+03
2.891468264738265134e+03,6.364032071132281089e+03
2.893898750811174978e+03,6.820211716548886216e+03
2.896329236884084821e+03,6.591044106452907727e+03
2.898759722956994210e+03,6.740284953759110067e+03
2.901190209029904054e+03,6.248304587675573202e+03
2.903620695102813443e+03,5.088239605286513324e+03
2.906051181175723286e+03,4.858976706205611663e+03
2.908481667248633130e+03,4.642729342102701594e+03
2.910912153321542974e+03,4.046693966330967669e+03
2.913342639394452817e+03,3.805792684537645982e+03
2.915773125467362206e+03,3.857760676138738290e+03
2.918203611540272050e+03,3.781058059942305590e+03
2.920634097613181439e+03,3.681242087836172232e+03
2.923064583686091282e+03,3.971050051198020810e+03
2.925495069759001126e+03,4.520481926662340811e+03
2.927925555831910970e+03,4.327018846713966923e+03
2.930356041904820813e+03,4.267170844165263588e+03
2.932786527977730657e+03,4.144642674370547866e+03
2.935217014050640046e+03,5.071639601056200263e+03
2.937647500123549889e+03,5.817178077700859831e+03
2.940077986196459278e+03,6.018169273463718127e+03
2.942508472269369122e+03,6.109029129684800864e+03
2.944938958342278966e+03,6.939896137178858226e+03
2.947369444415188809e+03,7.933158094213748882e+03
2.949799930488098653e+03,8.817170654393627046e+03
2.952230416561008042e+03,9.182169754889244359e+03
2.954660902633917885e+03,9.990316316301230472e+03
2.957091388706827274e+03,1.094976309573498656e+04
2.959521874779737118e+03,1.122109371965822902e+04
2.961952360852646962e+03,1.149608497860330681e+04
2.964382846925556805e+03,1.220092752998269498e+04
2.966813332998466649e+03,1.233239585938492382e+04
2.969243819071376493e+03,1.262715196613726948e+04
2.971674305144285881e+03,1.245476205930305878e+04
2.974104791217195725e+03,1.370171335425192592e+04
2.976535277290105114e+03,1.409272405053105103e+04
2.978965763363014958e+03,1.344631259879105164e+04
2.981396249435924801e+03,1.359209300741270454e+04
2.983826735508834645e+03,1.346150924243352711e+04
2.986257221581744489e+03,1.355543321590563210e+04
2.988687707654653877e+03,1.363945942893617394e+04
2.991118193727563721e+03,1.270805350542407359e+04
2.993548679800473110e+03,1.244792672890697213e+04
2.995979165873382954e+03,1.215017005587479434e+04
2.998409651946292797e+03,1.358356605227089858e+04
3.000840138019202641e+03,1.273091680406584237e+04
3.003270624092112485e+03,1.416837106752103500e+04
3.005701110165022328e+03,1.445071832916406311e+04
3.008131596237931717e+03,1.428461645783770655e+04
3.010562082310841561e+03,1.482532353924536801e+04
3.012992568383750950e+03,1.550544042135297423e+04
3.015423054456660793e+03,1.580386064976680245e+04
3.017853540529570637e+03,1.683834373136779323e+04
3.020284026602480481e+03,1.613076726681858418e+04
3.022714512675390324e+03,1.654576848226693619e+04
3.025144998748299713e+03,1.708974280407555852e+04
3.027575484821209557e+03,1.694660920626086954e+04
3.030005970894118946e+03,1.618324237174305563e+04
3.032436456967028789e+03,1.584854545353545473e+04
3.034866943039938633e+03,1.592280750284347778e+04
3.037297429112848477e+03,1.549940407011457501e+04
3.039727915185758320e+03,1.491460677973418751e+04
3.042158401258668164e+03,1.472885307175362868e+04
3.044588887331577553e+03,1.458127969518719692e+04
3.047019373404486942e+03,1.442274114332714453e+04
3.049449859477396785e+03,1.395083067671487152e+04
3.051880345550306629e+03,1.366751612309772827e+04
3.054310831623216473e+03,1.391539862522449403e+04
3.056741317696126316e+03,1.422850647065862358e+04
3.059171803769036160e+03,1.350637083685208563e+04
3.061602289841945549e+03,1.337015821681838133e+04
3.064032775914855392e+03,1.278101670064934297e+04
3.066463261987764781e+03,1.296524183845589505e+04
3.068893748060674625e+03,1.301743085883002277e+04
3.071324234133584469e+03,1.311729782554192570e+04
3.073754720206494312e+03,1.350852783638380060e+04
3.076185206279404156e+03,1.331437439750584963e+04
3.078615692352313545e+03,1.315271277560752969e+04
3.081046178425223388e+03,1.303889331001190658e+04
3.083476664498132777e+03,1.348084164079382936e+04
3.085907150571042621e+03,1.362032628461778768e+04
3.088337636643952465e+03,1.338202063081550659e+04
3.090768122716862308e+03,1.324231755284496830e+04
3.093198608789772152e+03,1.352032266092514328e+04
3.095629094862681995e+03,1.378786615871955837e+04
3.098059580935591384e+03,1.412023827142919799e+04
3.100490067008501228e+03,1.419268333574256030e+04
3.102920553081410617e+03,1.395407274405189673e+04
3.105351039154320461e+03,1.373621885790367924e+04
3.107781525227230304e+03,1.395773205805910766e+04
3.110212011300140148e+03,1.373673346969521299e+04
3.112642497373049991e+03,1.368951859649445942e+04
3.115072983445959380e+03,1.373986852373041074e+04
3.117503469518869224e+03,1.391741170249842980e+04
3.119933955591778613e+03,1.404173483337571088e+04
3.122364441664688457e+03,1.388776967482589862e+04
3.124794927737598300e+03,1.385967255264884807e+04
3.127225413810508144e+03,1.396256636287916263e+04
3.129655899883417987e+03,1.425891627728469939e+04
3.132086385956327831e+03,1.435773089847230585e+04
3.134516872029237220e+03,1.385305661986578525e+04
3.136947358102147064e+03,1.275341619550261385e+04
3.139377844175056453e+03,1.433339513663757498e+04
3.141808330247966296e+03,1.442616565538972827e+04
3.144238816320876140e+03,1.414935888234141748e+04
3.146669302393785983e+03,1.410031618078099018e+04
3.149099788466695827e+03,1.451409411525588439e+04
3.151530274539605216e+03,1.514515504555301413e+04
3.153960760612515060e+03,1.469479256904228896e+04
3.156391246685424449e+03,1.439831542865340816e+04
3.158821732758334292e+03,1.384986854958118056e+04
3.161252218831244136e+03,1.336101928553858852e+04
3.163682704904153979e+03,1.372960335670090535e+04
3.166113190977063823e+03,1.386274541217897240e+04
3.168543677049973667e+03,1.367354107574137379e+04
3.170974163122883056e+03,1.360407470572135935e+04
3.173404649195792899e+03,1.356004811742261154e+04
3.175835135268702288e+03,1.337365907672672802e+04
3.178265621341612132e+03,1.402675832837983944e+04
3.180696107414521975e+03,1.380341135594979824e+04
3.183126593487431819e+03,1.395403902283075695e+04
3.185557079560341663e+03,1.429006287394294668e+04
3.187987565633251052e+03,1.423664992287715177e+04
3.190418051706160895e+03,1.354512476554476234e+04
3.192848537779070284e+03,1.385472904018374356e+04
3.195279023851980128e+03,1.394771797122953831e+04
3.197709509924889971e+03,1.371106634166475305e+04
3.200139995997799815e+03,1.340507654565818120e+04
3.202570482070709659e+03,1.317828684549821992e+04
3.205000968143619502e+03,1.341467685414746848e+04
3.207431454216528891e+03,1.341155992175568281e+04
3.209861940289438280e+03,1.313330006705152300e+04
3.212292426362348124e+03,1.300199073364353717e+04
3.214722912435257967e+03,1.308904153169989513e+04
3.217153398508167811e+03,1.322750750523758506e+04
3.219583884581077655e+03,1.330987840542287449e+04
3.222014370653987498e+03,1.328554943571374497e+04
3.224444856726896887e+03,1.322372843606172319e+04
3.226875342799806731e+03,1.332951530039573481e+04
3.229305828872716120e+03,1.304053977567998481e+04
3.231736314945625963e+03,1.268669772034530433e+04
3.234166801018535807e+03,1.289011357976288309e+04
3.236597287091445651e+03,1.292404908153289944e+04
3.239027773164355494e+03,1.283147922708584701e+04
3.241458259237264883e+03,1.279705939333743845e+04
3.243888745310174727e+03,1.289568092658785645e+04
3.246319231383084116e+03,1.286696108634377924e+04
3.248749717455993959e+03,1.290111832001796938e+04
3.251180203528903803e+03,1.270784445640497688e+04
3.253610689601813647e+03,1.239020096987479519e+04
3.256041175674723490e+03,1.243289125345115099e+04
3.258471661747633334e+03,1.217194975337959841e+04
3.260902147820542723e+03,1.187870986490590076e+04
3.263332633893452567e+03,1.182590290467389605e+04
3.265763119966361955e+03,1.237988194139506413e+04
3.268193606039271799e+03,1.219458039538352205e+04
3.270624092112181643e+03,1.201546790073792909e+04
3.273054578185091486e+03,1.211685357193438176e+04
3.275485064258001330e+03,1.274467823968256744e+04
3.277915550330910719e+03,1.236806230455459081e+04
3.280346036403820563e+03,1.211427009373158035e+04
3.282776522476729951e+03,1.211098991890014804e+04
3.285207008549639795e+03,1.244484380049065294e+04
3.287637494622549639e+03,1.213998281898408823e+04
3.290067980695459482e+03,1.181687674341879028e+04
3.292498466768369326e+03,1.144615907431116830e+04
3.294928952841279170e+03,1.101669914346755468e+04
3.297359438914188559e+03,1.145956110665819506e+04
3.299789924987098402e+03,1.185515899653228371e+04
3.302220411060007791e+03,1.189161248678046104e+04
3.304650897132917635e+03,1.124572835751379171e+04
3.307081383205827478e+03,1.157334960185384625e+04
3.309511869278737322e+03,1.129319533266175131e+04
3.311942355351647166e+03,1.100590814190183846e+04
3.314372841424556555e+03,1.161787082264619858e+04
3.316803327497466398e+03,1.163631400208405466e+04
3.319233813570375787e+03,1.125328496698510207e+04
3.321664299643285631e+03,1.066307810998434798e+04
3.324094785716195474e+03,1.029959397875883224e+04
3.326525271789105318e+03,1.053892248733410088e+04
3.328955757862015162e+03,1.011298346753166334e+04
3.331386243934925005e+03,9.051249181501842031e+03
3.333816730007834394e+03,9.542365238424163181e+03
3.336247216080744238e+03,1.007642902242184573e+04
3.338677702153653627e+03,1.003186985663020823e+04
3.341108188226563470e+03,8.970578602464984215e+03
3.343538674299473314e+03,1.043975705917855157e+04
3.345969160372383158e+03,1.016148408085811388e+04
3.348399646445293001e+03,8.991137990383533179e+03
3.350830132518202390e+03,8.574647250241996517e+03
3.353260618591112234e+03,8.712740684018415777e+03
3.355691104664021623e+03,8.766277302521466481e+03
3.358121590736931466e+03,8.618787513448154641e+03
3.360552076809841310e+03,8.729397908039032700e+03
3.362982562882751154e+03,8.876799080660257459e+03
3.365413048955660997e+03,8.801576221616767725e+03
3.367843535028570841e+03,8.103610863414917731e+03
3.370274021101480230e+03,7.717383870780751749e+03
3.372704507174389619e+03,7.748708107527020729e+03
3.375134993247299462e+03,8.136610906367937787e+03
3.377565479320209306e+03,7.862742260983449341e+03
3.379995965393119150e+03,6.910007255594189701e+03
3.382426451466028993e+03,6.356632613562777806e+03
3.384856937538938837e+03,7.953259829580963924e+03
3.387287423611848226e+03,6.843728306888880979e+03
3.389717909684758069e+03,6.082937134852831150e+03
3.392148395757667458e+03,6.474886792642877481e+03
3.394578881830577302e+03,7.815827674053189185e+03
3.397009367903487146e+03,7.096212355237557858e+03
3.399439853976396989e+03,5.364958124018390663e+03
3.401870340049306833e+03,5.920286403917765711e+03
3.404300826122216677e+03,6.174177454640697761e+03
3.406731312195126065e+03,6.138787928850064418e+03
3.409161798268035454e+03,5.690722138823723071e+03
3.411592284340945298e+03,6.067085865034558992e+03
3.414022770413855142e+03,6.389042856749199018e+03
3.416453256486764985e+03,6.479811825431836041e+03
3.418883742559674829e+03,6.667272991811811153e+03
3.421314228632584673e+03,6.435984701562706505e+03
3.423744714705494061e+03,5.967629156126529779e+03
3.426175200778403905e+03,6.349817206227356110e+03
3.428605686851313294e+03,6.622530275508652267e+03
3.431036172924223138e+03,6.665038612559020294e+03
3.433466658997132981e+03,6.046517285396454099e+03
3.435897145070042825e+03,5.468562759228732830e+03
3.438327631142952669e+03,4.975937786326494461e+03
3.440758117215862057e+03,4.653099627356286874e+03
3.443188603288771901e+03,4.952560101786528321e+03
3.445619089361681290e+03,5.527156677232806942e+03
3.448049575434591134e+03,6.359294926673334885e+03
3.450480061507500977e+03,6.233321734512874173e+03
3.452910547580410821e+03,5.335466169609308963e+03
3.455341033653320665e+03,3.575140457347707070e+03
3.457771519726230508e+03,4.460228198850629269e+03
3.460202005799139897e+03,4.419423730006424194e+03
3.462632491872049741e+03,3.343796853067166921e+03
3.465062977944959130e+03,4.140250481239905639e+03
3.467493464017868973e+03,4.970760386200876383e+03
3.469923950090778817e+03,5.775565456949398140e+03
3.472354436163688661e+03,5.424095426361353930e+03
3.474784922236598504e+03,4.817289669382194006e+03
3.477215408309507893e+03,4.097109827609868262e+03
3.479645894382417737e+03,4.587368321255029514e+03
3.482076380455327126e+03,5.021653152333958133e+03
3.484506866528236969e+03,5.460346249228170564e+03
3.486937352601146813e+03,6.452982255402916962e+03
3.489367838674056657e+03,6.539351622460521867e+03
3.491798324746966500e+03,5.931479870968623800e+03
3.494228810819876344e+03,4.929388929858569099e+03
3.496659296892785733e+03,4.949048267804499119e+03
3.499089782965695576e+03,5.705408128849531749e+03
3.501520269038604965e+03,5.794936189303944047e+03
3.503950755111514809e+03,5.596369899897583309e+03
3.506381241184424653e+03,5.181872355075067389e+03
3.508811727257334496e+03,5.572353289397095978e+03
3.511242213330244340e+03,5.638184517381673686e+03
3.513672699403153729e+03,5.392951117088947285e+03
3.516103185476063572e+03,5.620710967352671105e+03
3.518533671548972961e+03,5.822496001741179498e+03
3.520964157621882805e+03,5.987199152936445898e+03
3.523394643694792649e+03,5.475962263401436758e+03
3.525825129767702492e+03,5.217598155693629451e+03
3.528255615840612336e+03,5.406966018159479972e+03
3.530686101913522180e+03,5.641685080817464041e+03
3.533116587986431568e+03,5.683070068952614747e+03
3.535547074059341412e+03,5.314569194696434351e+03
3.537977560132250801e+03,5.126837664620826217e+03
3.540408046205160645e+03,5.072563092974919527e+03
3.542838532278070488e+03,5.283001304931302911e+03
3.545269018350980332e+03,4.913848260398182902e+03
3.547699504423890176e+03,4.430727427072964929e+03
3.550129990496799564e+03,4.813312068707162325e+03
3.552560476569709408e+03,4.913372875217438377e+03
3.554990962642618797e+03,4.820443100134902124e+03
3.557421448715528641e+03,4.935170928367727356e+03
3.559851934788438484e+03,4.964149414723339760e+03
3.562282420861348328e+03,4.895355205882831797e+03
3.564712906934258172e+03,4.594256954606140425e+03
3.567143393007168015e+03,4.374953318747482626e+03
3.569573879080077404e+03,4.368976859145307571e+03
3.572004365152986793e+03,4.273328723709573751e+03
3.574434851225896637e+03,4.169187046354983977e+03
3.576865337298806480e+03,4.149356272764792266e+03
3.579295823371716324e+03,4.261439915826017568e+03
3.581726309444626168e+03,4.449462944369158322e+03
3.584156795517536011e+03,4.322492034542303372e+03
3.586587281590445400e+03,4.293370032917238859e+03
3.589017767663355244e+03,4.387566822986811530e+03
3.591448253736264633e+03,4.433279724060643275e+03
3.593878739809174476e+03,4.496722695888263843e+03
3.596309225882084320e+03,4.634032976978865918e+03
3.598739711954994164e+03,4.515971569060717229e+03
3.601170198027904007e+03,4.299794663843536000e+03
3.603600684100813396e+03,4.498143330480670556e+03
3.606031170173723240e+03,4.479569319916690802e+03
3.608461656246632629e+03,4.211729213597687703e+03
3.610892142319542472e+03,4.102144074671859926e+03
3.613322628392452316e+03,3.981451089658152341e+03
3.615753114465362160e+03,3.748830424582354226e+03
3.618183600538272003e+03,3.636347865402533898e+03
3.620614086611181847e+03,3.595730965397976888e+03
3.623044572684091236e+03,3.719864344934439487e+03
3.625475058757001079e+03,3.702637928967386870e+03
3.627905544829910468e+03,3.474648037836608182e+03
3.630336030902820312e+03,3.565185313148659134e+03
3.632766516975730156e+03,3.701321733714621132e+03
3.635197003048639999e+03,3.582261896699705630e+03
3.637627489121549843e+03,3.431885657726789759e+03
3.640057975194459232e+03,3.252748674501194273e+03
3.642488461267369075e+03,3.368094460001343577e+03
3.644918947340278464e+03,3.465606897582079455e+03
3.647349433413188308e+03,3.395941062874361705e+03
3.649779919486098152e+03,3.342787032771816484e+03
3.652210405559007995e+03,3.300310194003206561e+03
3.654640891631917839e+03,3.222648671244328852e+03
3.657071377704827682e+03,3.113640161704228376e+03
3.659501863777737071e+03,2.939192012383041401e+03
3.661932349850646915e+03,2.851878010066482148e+03
3.664362835923556304e+03,2.809696519142305078e+03
3.666793321996466148e+03,2.883152686585820447e+03
3.669223808069375991e+03,2.868176801335833261e+03
3.671654294142285835e+03,2.687969844039531836e+03
3.674084780215195678e+03,2.668491435487569106e+03
3.676515266288105067e+03,2.720957589550653211e+03
3.678945752361014911e+03,2.680876845730635068e+03
3.681376238433924300e+03,2.581462753969387904e+03
3.683806724506834144e+03,2.371184189108530518e+03
3.686237210579743987e+03,2.351611594740718829e+03
3.688667696652653831e+03,2.423823225332757829e+03
3.691098182725563674e+03,2.279072305313873130e+03
3.693528668798473518e+03,2.219961230782030270e+03
3.695959154871382907e+03,2.347422015284913414e+03
3.698389640944292751e+03,2.307680673198755358e+03
3.700820127017202140e+03,2.170301987709457080e+03
3.703250613090111983e+03,2.105121300039735615e+03
3.705681099163021827e+03,2.081144877378670117e+03
3.708111585235931670e+03,2.167421589305513862e+03
3.710542071308841514e+03,2.185453698582009110e+03
3.712972557381750903e+03,2.148456246500544694e+03
3.715403043454660747e+03,2.065167559847069697e+03
3.717833529527570136e+03,1.988994228358021701e+03
3.720264015600479979e+03,1.998264004237472591e+03
3.722694501673389823e+03,1.997839638092134237e+03
3.725124987746299666e+03,1.985176060064532521e+03
3.727555473819209510e+03,1.904349892321800780e+03
3.729985959892119354e+03,1.799466968984559117e+03
3.732416445965028743e+03,1.763398724057612753e+03
3.734846932037938132e+03,1.727615565903815877e+03
3.737277418110847975e+03,1.692384029949010710e+03
3.739707904183757819e+03,1.645389343840222864e+03
3.742138390256667662e+03,1.589656229787173288e+03
3.744568876329577506e+03,1.637627278968670680e+03
3.746999362402487350e+03,1.693159308262196646e+03
3.749429848475396739e+03,1.661258524461698016e+03
3.751860334548306582e+03,1.693043172079199167e+03
3.754290820621215971e+03,1.828563519709631237e+03
3.756721306694125815e+03,1.833744596503996263e+03
3.759151792767035658e+03,1.766205900019528826e+03
3.761582278839945502e+03,1.668329092705686435e+03
3.764012764912855346e+03,1.587886096178757725e+03
3.766443250985764735e+03,1.622520834799075601e+03
3.768873737058674578e+03,1.620618735583494072e+03
3.771304223131583967e+03,1.564496928310265957e+03
3.773734709204493811e+03,1.512731133079427764e+03
3.776165195277403654e+03,1.463389766191050512e+03
3.778595681350313498e+03,1.439497602522403895e+03
3.781026167423223342e+03,1.411317462854714222e+03
3.783456653496133185e+03,1.331511228368358616e+03
3.785887139569042574e+03,1.290921397163143865e+03
3.788317625641952418e+03,1.319601493758254492e+03
3.790748111714861807e+03,1.335205292325474602e+03
3.793178597787771650e+03,1.341744377227369569e+03
3.795609083860681494e+03,1.330332706314566167e+03
3.798039569933591338e+03,1.314848561277142608e+03
3.800470056006501181e+03,1.298057225098925528e+03
3.802900542079410570e+03,1.293930190804284166e+03
3.805331028152320414e+03,1.326690899496507882e+03
3.807761514225229803e+03,1.327968773120319838e+03
3.810192000298139646e+03,1.293626623209258014e+03
3.812622486371049490e+03,1.281479988488233857e+03
3.815052972443959334e+03,1.279869677812138661e+03
3.817483458516869177e+03,1.202208434944470810e+03
3.819913944589779021e+03,1.120046244445218463e+03
3.822344430662688410e+03,1.096657248096160856e+03
3.824774916735598254e+03,1.097639750127366142e+03
3.827205402808507642e+03,1.160728191008584190e+03
3.829635888881417486e+03,1.163006943322483039e+03
3.832066374954327330e+03,1.098053102478448864e+03
3.834496861027237173e+03,1.088291100766281261e+03
3.836927347100147017e+03,1.106524856860431555e+03
3.839357833173056406e+03,1.065284108689761979e+03
3.841788319245966250e+03,1.015781808772793511e+03
3.844218805318875638e+03,1.048328152187401656e+03
3.846649291391785482e+03,1.072671257078171948e+03
3.849079777464695326e+03,1.065277369962585908e+03
3.851510263537605169e+03,1.038657090011705122e+03
3.853940749610515013e+03,9.801814663122395359e+02
3.856371235683424857e+03,9.508790333324865287e+02
3.858801721756334700e+03,9.459930769582733774e+02
3.861232207829243634e+03,9.574350679245771971e+02
3.863662693902153478e+03,9.755989332065876170e+02
3.866093179975063322e+03,9.440721373501042990e+02
3.868523666047973165e+03,9.051522116545204426e+02
3.870954152120883009e+03,8.746095972316549023e+02
3.873384638193792853e+03,8.515095204966091842e+02
3.875815124266702696e+03,8.638947778140409355e+02
3.878245610339611630e+03,8.702650886280677014e+02
3.880676096412521474e+03,8.638229519911635634e+02
3.883106582485431318e+03,8.648109802685150953e+02
3.885537068558341161e+03,8.744750982579369065e+02
3.887967554631251005e+03,8.780848835246517865e+02
3.890398040704160849e+03,8.776390199143345399e+02
3.892828526777070692e+03,8.205672294086077727e+02
3.895259012849980536e+03,7.428800034165340094e+02
3.897689498922889470e+03,7.526568731020734049e+02
3.900119984995799314e+03,7.765346950744678907e+02
3.902550471068709157e+03,7.218299173888018458e+02
3.904980957141619001e+03,6.723277731771652270e+02
3.907411443214528845e+03,6.758881314497739368e+02
3.909841929287438688e+03,6.812932695426518421e+02
3.912272415360348532e+03,6.932019113429402069e+02
3.914702901433257466e+03,6.939467308288687946e+02
3.917133387506167310e+03,6.723839179026474540e+02
3.919563873579077153e+03,6.552569299757568615e+02
3.921994359651986997e+03,6.437509843683868667e+02
3.924424845724896841e+03,6.604293810631481847e+02
3.926855331797806684e+03,7.008126036666377559e+02
3.929285817870716528e+03,6.908464716811170092e+02
3.931716303943625462e+03,6.527012735220938566e+02
3.934146790016535306e+03,6.304093743059742110e+02
3.936577276089445149e+03,6.138826637679212581e+02
3.939007762162354993e+03,6.256805711905773251e+02
3.941438248235264837e+03,6.435313371413915320e+02
3.943868734308174680e+03,5.957098044471757703e+02
3.946299220381084524e+03,5.413141816137742808e+02
3.948729706453994368e+03,5.690305052620911965e+02
3.951160192526903302e+03,5.929176031661671686e+02
3.953590678599813145e+03,5.451092486337799983e+02
3.956021164672722989e+03,5.036878961682999147e+02
3.958451650745632833e+03,5.029430848988770890e+02
3.960882136818542676e+03,5.076989318983792145e+02
3.963312622891452520e+03,5.344126075224451142e+02
3.965743108964362364e+03,5.436884165141905214e+02
3.968173595037271298e+03,5.039909789001189893e+02
3.970604081110181141e+03,4.736017761520798786e+02
3.973034567183090985e+03,4.629472515128566670e+02
3.975465053256000829e+03,4.622702733987049442e+02
3.977895539328910672e+03,4.784303622073413749e+02
3.980326025401820516e+03,4.845166694732864130e+02
3.982756511474730360e+03,4.766924849925000558e+02
3.985186997547640203e+03,4.737094577672234550e+02
3.987617483620549137e+03,4.763388254937943884e+02
3.990047969693458981e+03,4.830198213522770061e+02
3.992478455766368825e+03,4.937279555252524119e+02
3.994908941839278668e+03,4.809501687349048780e+02
3.997339427912188512e+03,4.477841473603034501e+02
3.999769913985098356e+03,4.304111577310533789e+02
4.002200400058008199e+03,4.252429370082285232e+02
4.004630886130917133e+03,4.085957439326923577e+02
4.007061372203826977e+03,3.839357675406859585e+02
4.009491858276736821e+03,3.731621575307370904e+02
4.011922344349646664e+03,3.713476588605156508e+02
4.014352830422556508e+03,3.690938577433538512e+02
4.016783316495466352e+03,3.665760779509825511e+02
4.019213802568376195e+03,3.657804854349075185e+02
4.021644288641286039e+03,3.659848276511107770e+02
4.024074774714194973e+03,3.712553591066751437e+02
4.026505260787104817e+03,3.793947661340952777e+02
4.028935746860014660e+03,3.630245812333089930e+02
4.031366232932924504e+03,3.327869852476695769e+02
4.033796719005834348e+03,3.205480724296305084e+02
4.036227205078744191e+03,3.187161621470864361e+02
4.038657691151654035e+03,3.155936147228722461e+02
4.041088177224562969e+03,3.116982074672092722e+02
4.043518663297472813e+03,3.106624233289419976e+02
4.045949149370382656e+03,3.114526850317203071e+02
4.048379635443292500e+03,3.067947730547127208e+02
4.050810121516202344e+03,2.983748217434057324e+02
4.053240607589112187e+03,2.892314944219752988e+02
4.055671093662022031e+03,2.795416048004288427e+02
4.058101579734931875e+03,2.679269731865563813e+02
4.060532065807840809e+03,2.546661541750951017e+02
4.062962551880750652e+03,2.441693860693019360e+02
4.065393037953660496e+03,2.363871671624982298e+02
4.067823524026570340e+03,2.349369059005862255e+02
4.070254010099480183e+03,2.407503910752544982e+02
4.072684496172390027e+03,2.390318753096173623e+02
4.075114982245299871e+03,2.269906029041557645e+02
4.077545468318208805e+03,2.109184475089033981e+02
4.079975954391118648e+03,1.880453679204746322e+02
4.082406440464028492e+03,1.730364910128309077e+02
4.084836926536938336e+03,1.747644908584231871e+02
4.087267412609848179e+03,1.775047135316555398e+02
4.089697898682758023e+03,1.831353502589990114e+02
4.092128384755667867e+03,1.838154169199019350e+02
4.094558870828576801e+03,1.642118086223787259e+02
4.096989356901486644e+03,1.453405510711758666e+02
4.099419842974396488e+03,1.312413176414191582e+02
4.101850329047306332e+03,1.183222530992033796e+02
4.104280815120216175e+03,1.261064898883038978e+02
4.106711301193126019e+03,1.338722213782229460e+02
4.109141787266035863e+03,1.247937822305827638e+02
4.111572273338945706e+03,1.152757901031330903e+02
4.114002759411854640e+03,1.072842010148044665e+02
4.116433245484764484e+03,9.949900495015346280e+01
4.118863731557674328e+03,9.041370476910014986e+01
4.121294217630584171e+03,8.101953244105041563e+01
4.123724703703494015e+03,8.705144469065218971e+01
4.126155189776403859e+03,9.951136112852569227e+01
4.128585675849313702e+03,1.048599267289411898e+02
4.131016161922222636e+03,1.055781987601036036e+02
4.133446647995132480e+03,9.349485906025743986e+01
4.135877134068042324e+03,6.865503078444946539e+01
4.138307620140952167e+03,5.575576701728927986e+01
4.140738106213862011e+03,6.147039579742435933e+01
4.143168592286771855e+03,6.088244076279820405e+01
4.145599078359681698e+03,4.367096222074572864e+01
4.148029564432591542e+03,2.909574359091460494e+01
4.150460050505500476e+03,2.885781382363050440e+01
4.152890536578410320e+03,2.915769679794885150e+01
4.155321022651320163e+03,4.849971418400191681e+01
4.157751508724230007e+03,6.779649800883302646e+01
4.160181994797139851e+03,7.374253141513023024e+01
4.162612480870049694e+03,7.813286023745293107e+01
4.165042966942959538e+03,8.834379936544846146e+01
4.167473453015868472e+03,1.003764495427344627e+02
4.169903939088778316e+03,9.834034598063888666e+01
4.172334425161688159e+03,8.761593759860195973e+01
4.174764911234598003e+03,8.753818191604446497e+01
4.177195397307507847e+03,9.942673980219204566e+01
4.179625883380417690e+03,1.020724910155595069e+02
4.182056369453327534e+03,8.489650537365358218e+01
4.184486855526237377e+03,7.154741163195353693e+01
4.186917341599146312e+03,7.823758886854912475e+01
4.189347827672056155e+03,8.491219699052260239e+01
4.191778313744965999e+03,7.118333826252043650e+01
4.194208799817875843e+03,5.739195678087372698e+01
4.196639285890785686e+03,4.587197114535515396e+01
4.199069771963695530e+03,3.484870326646409922e+01
4.201500258036605373e+03,3.316642067313122055e+01
4.203930744109514308e+03,3.645813044635588085e+01
4.206361230182424151e+03,3.197503791610259327e+01
4.208791716255333995e+03,1.881750800734699780e+01
4.211222202328243839e+03,4.174521239653461002e+00
4.213652688401153682e+03,-1.420870464274132772e+01
4.216083174474063526e+03,-2.971706099594635475e+01
4.218513660546973369e+03,-1.832449849346381754e+01
4.220944146619883213e+03,-6.958148797242387218e+00
4.223374632692792147e+03,7.186451903476813285e+00
4.225805118765701991e+03,2.161429845563819185e+01
4.228235604838611835e+03,1.810310757807466331e+01
4.230666090911521678e+03,6.807707850602923827e+00
4.233096576984431522e+03,-2.036683712541788704e+00
4.235527063057341365e+03,-8.327327869033478436e+00
4.237957549130251209e+03,-1.150025155284188116e+01
4.240388035203160143e+03,-6.511207222861640886e+00
4.242818521276069987e+03,-1.754310519311550909e+00
4.245249007348979831e+03,-6.950222623319483040e-01
4.247679493421889674e+03,3.618433740907122109e-01
4.250109979494799518e+03,8.198613253131364687e+00
4.252540465567709361e+03,1.738760976866850072e+01
4.254970951640619205e+03,2.508281974482385834e+01
4.257401437713528139e+03,3.178560619139393495e+01
4.259831923786437983e+03,3.158201113869080956e+01
4.262262409859347827e+03,1.942549029591479837e+01
4.264692895932257670e+03,9.457460527131461347e+00
4.267123382005167514e+03,1.480661015960937377e+01
4.269553868078077357e+03,2.014357690256714406e+01
4.271984354150987201e+03,1.455903538596105662e+01
4.274414840223897045e+03,7.447161173252721866e+00
4.276845326296805979e+03,1.013516237283505461e+01
4.279275812369715823e+03,1.873293856813826963e+01
4.281706298442625666e+03,2.527297035431052308e+01
4.284136784515535510e+03,2.823890421966919462e+01
4.286567270588445353e+03,2.976384821037412465e+01
4.288997756661355197e+03,1.824906267294525009e+01
4.291428242734265041e+03,6.760336632489028830e+00
4.293858728807173975e+03,2.878993682856528125e+01
4.296289214880083819e+03,5.770326131800991476e+01
4.298719700952993662e+03,6.330296061300772692e+01
4.301150187025903506e+03,5.002664160596238219e+01
4.303580673098813349e+03,3.914158851425695218e+01
4.306011159171723193e+03,3.467883858204869796e+01
4.308441645244633037e+03,3.022613103611837460e+01
4.310872131317542880e+03,3.249000182899377620e+01
4.313302617390451815e+03,3.487820160618004195e+01
4.315733103463361658e+03,6.316839913785090133e+00
4.318163589536271502e+03,-3.627584896494020938e+01
4.320594075609181345e+03,-5.243818769007408775e+01
4.323024561682091189e+03,-2.682895718010600916e+01
4.325455047755001033e+03,-2.693593748120562736e+00
4.327885533827910876e+03,5.216653498960058144e+00
4.330316019900819811e+03,1.310914821898124138e+01
4.332746505973729654e+03,6.391397992027475716e+00
4.335176992046639498e+03,-4.707159855418543870e+00
4.337607478119549341e+03,3.910874432074625595e+00
4.340037964192459185e+03,3.653769740051443193e+01
4.342468450265369029e+03,6.349034451848111615e+01
4.344898936338278872e+03,5.154646537258004457e+01
4.347329422411188716e+03,3.962924919893386289e+01
4.349759908484097650e+03,3.638870122466375534e+01
4.352190394557007494e+03,3.537448788878591444e+01
4.354620880629917338e+03,3.634748116297296860e+01
4.357051366702827181e+03,3.965247876500838942e+01
4.359481852775737025e+03,4.399378460591334772e+01
4.361912338848646868e+03,5.620665620893801417e+01
4.364342824921556712e+03,6.839230289062230383e+01
4.366773310994465646e+03,6.085619057075867033e+01
4.369203797067375490e+03,4.740145778518424180e+01
4.371634283140285334e+03,3.700431794278402720e+01
4.374064769213195177e+03,3.092061337590320136e+01
4.376495255286105021e+03,2.606136639266150112e+01
4.378925741359014864e+03,4.303655332444347437e+01
4.381356227431924708e+03,5.997406782914656276e+01
4.383786713504834552e+03,5.691072909096544663e+01
4.386217199577743486e+03,4.469956944470754934e+01
4.388647685650653330e+03,3.485794840300533082e+01
4.391078171723563173e+03,3.019845258873588634e+01
4.393508657796473017e+03,2.554924310742380911e+01
4.395939143869382860e+03,4.262323609981124406e+01
4.398369629942292704e+03,6.123351763876466691e+01
4.400800116015202548e+03,5.884015389754826231e+01
4.403230602088111482e+03,3.906998770219270511e+01
4.405661088161021326e+03,2.623044720727999035e+01
4.408091574233931169e+03,5.115791336686153556e+01
4.410522060306841013e+03,7.603043207933039582e+01
4.412952546379750856e+03,8.124964376509817043e+01
4.415383032452660700e+03,8.012596246828249491e+01
4.417813518525570544e+03,7.047396260999543927e+01
4.420244004598479478e+03,4.506681067953044106e+01
4.422674490671389322e+03,1.971545095892522426e+01
4.425104976744299165e+03,2.621982860567385387e+01
4.427535462817209009e+03,3.475880001516502915e+01
4.429965948890118852e+03,3.084595103632810975e+01
4.432396434963028696e+03,1.555541854498190446e+01
4.434826921035938540e+03,4.440220480631117184e+00
4.437257407108848383e+03,3.161944396060333062e+01
4.439687893181757318e+03,5.873916452238952246e+01
4.442118379254667161e+03,6.137980990002311898e+01
4.444548865327577005e+03,5.183437679377773577e+01
4.446979351400486848e+03,4.469462477591942928e+01
4.449409837473396692e+03,4.555120775369343988e+01
4.451840323546306536e+03,4.640589398965959589e+01
4.454270809619216379e+03,6.455630854304887123e+01
4.456701295692125314e+03,8.736349097328586311e+01
4.459131781765035157e+03,9.579841122336698334e+01
4.461562267837945001e+03,7.596159963106553903e+01
4.463992753910854844e+03,5.616792124809056475e+01
4.466423239983764688e+03,4.022355796864133026e+01
4.468853726056674532e+03,2.483494544224368639e+01
4.471284212129584375e+03,2.601915531805283166e+01
4.473714698202494219e+03,5.037691840965480594e+01
4.476145184275403153e+03,7.468177678273552544e+01
4.478575670348312997e+03,6.081926642446460107e+01
4.481006156421222840e+03,4.482557323375980474e+01
4.483436642494132684e+03,4.141515234106041987e+01
4.485867128567042528e+03,5.216186052212208324e+01
4.488297614639952371e+03,6.288527264850196019e+01
4.490728100712862215e+03,1.796247809359060810e+01
4.493158586785771149e+03,-2.762154319820192683e+01
4.495589072858680993e+03,-3.792895366716928152e+01
4.498019558931590836e+03,-1.259699753271619294e+01
4.500450045004500680e+03,1.268027300537918656e+01
