1.800180018001800136e+03,-2.279135130973455432e+02
1.802610504074709752e+03,4.037148976127775768e+01
1.805040990147619596e+03,8.187488797862552303e+01
1.807471476220529212e+03,-2.476240944363916796e+01
1.809901962293439055e+03,1.155380559023417675e+01
1.812332448366348672e+03,2.713040006014844607e+01
1.814762934439258515e+03,-7.797877349177001349e+01
1.817193420512168132e+03,3.681916605724067182e+01
1.819623906585077975e+03,4.528931414577647274e+01
1.822054392657987592e+03,-5.725996379157631821e+01
1.824484878730897435e+03,1.541383203111721123e+01
1.826915364803807051e+03,-4.656281056986740197e+01
1.829345850876716895e+03,1.662204112742676330e+02
1.831776336949626511e+03,-1.629046165421042076e+02
1.834206823022536128e+03,-6.662660540269676801e+01
1.836637309095445971e+03,-1.058248364351023127e+02
1.839067795168355588e+03,7.674171267265717233e+01
1.841498281241265431e+03,-2.724477564346765845e+01
1.843928767314175047e+03,-3.673355725032797636e+01
1.846359253387084891e+03,1.563735156838295097e+02
1.848789739459994507e+03,-1.102328582349686457e+02
1.851220225532904351e+03,1.071207116045411993e+02
1.853650711605813967e+03,-1.269789038925039648e+02
1.856081197678723811e+03,-5.540628060474596595e+01
1.858511683751633427e+03,-8.407658652667383592e+01
1.860942169824543271e+03,7.448089959624937251e+00
1.863372655897452887e+03,-5.777461479048605497e+01
1.865803141970362503e+03,1.087697040138915412e+02
1.868233628043272347e+03,-2.050455533312407397e+01
1.870664114116181963e+03,5.310901954547798454e+01
1.873094600189091807e+03,-5.428044375307994329e+01
1.875525086262001423e+03,3.354167836934946223e+01
1.877955572334911267e+03,-8.690121159118234573e+01
1.880386058407820883e+03,5.596725743012709131e+01
1.882816544480730727e+03,1.174113450146154491e+01
1.885247030553640343e+03,-3.784452727446169007e+01
1.887677516626550187e+03,5.856540333984045077e+01
1.890108002699459803e+03,-3.154596695288526575e+01
1.892538488772369647e+03,-1.871404891600549902e+01
1.894968974845279263e+03,1.631906784298249136e+01
1.897399460918189106e+03,3.007252761945749953e+01
1.899829946991098723e+03,-3.712615583617515114e+01
1.902260433064008339e+03,-9.283742417835964034e+01
1.904690919136918183e+03,-2.640644955689289830e+01
1.907121405209827799e+03,3.363934619270403203e+01
1.909551891282737643e+03,-1.820681956226628628e+01
1.911982377355647259e+03,1.176815589742267321e+01
1.914412863428557102e+03,-1.054004932824061171e+02
1.916843349501466719e+03,-2.633310463929142387e+01
1.919273835574376562e+03,-6.082363861231860369e+01
1.921704321647286179e+03,-8.259661812386728741e+01
1.924134807720196022e+03,-1.022002994364240323e+02
1.926565293793105639e+03,-6.577523165512436654e-01
1.928995779866015255e+03,-6.352720496901459768e+01
1.931426265938925098e+03,6.468800759137587342e+00
1.933856752011834942e+03,-1.615688493750913608e+02
1.936287238084744558e+03,-2.708919329454694491e+01
1.938717724157654175e+03,1.570898906061472822e+01
1.941148210230564018e+03,-7.607419798507551434e+01
1.943578696303473635e+03,1.846010967425512206e+01
1.946009182376383478e+03,1.652841339351049044e+01
1.948439668449293094e+03,-1.429997720153924945e+02
1.950870154522202938e+03,2.043359972134540570e+01
1.953300640595112554e+03,-1.150481137994588288e+01
1.955731126668022398e+03,-1.136046464709900903e+02
1.958161612740932014e+03,1.096227815103395820e+01
1.960592098813841858e+03,-1.467204450832239218e+02
1.963022584886751474e+03,-1.586284813632067348e+01
1.965453070959661090e+03,9.305803493224040324e+00
1.967883557032570934e+03,7.543162797943847409e+01
1.970314043105480550e+03,8.092323494319447263e+01
1.972744529178390394e+03,-1.686422120365118005e+01
1.975175015251300010e+03,-1.511679256064932275e+01
1.977605501324209854e+03,1.422146909637443457e+01
1.980035987397119470e+03,3.367084361081368371e+01
1.982466473470029314e+03,1.044366929639011374e+02
1.984896959542938930e+03,-2.099793273780123926e+01
1.987327445615848774e+03,-2.831441732544357492e+01
1.989757931688758390e+03,-8.753662294917455711e+01
1.992188417761668234e+03,5.207584031416529768e+01
1.994618903834577850e+03,5.099719503032389412e+01
1.997049389907487694e+03,2.529710396690678564e+01
1.999479875980397310e+03,-8.640479498220412324e+01
2.001910362053306926e+03,3.470213544096583291e+01
2.004340848126216770e+03,1.013564419858453221e+02
2.006771334199126386e+03,-8.125402576950321532e+01
2.009201820272036230e+03,2.813906338379436889e+01
2.011632306344945846e+03,5.186490114273222041e+00
2.014062792417855690e+03,1.121291883384631127e+01
2.016493278490765306e+03,6.198409837473391093e+01
2.018923764563675149e+03,4.548955733206228302e+01
2.021354250636584766e+03,-2.252527408180533897e+01
2.023784736709494609e+03,-2.328229746133748890e+01
2.026215222782404226e+03,-1.624375455374007160e+01
2.028645708855313842e+03,-6.198323710642385009e+01
2.031076194928223686e+03,-4.188801598637578394e+01
2.033506681001133529e+03,6.575094264548378931e+01
2.035937167074043145e+03,8.023849009489440220e+01
2.038367653146952762e+03,-2.167090133704131105e+01
2.040798139219862605e+03,6.111612739825599050e+01
2.043228625292772222e+03,-2.212738258590110263e+01
2.045659111365682065e+03,6.047352717173587422e+01
2.048089597438591682e+03,4.943399675310848096e+01
2.050520083511501525e+03,3.306780146147227839e+01
2.052950569584411369e+03,6.215240876463673914e+01
2.055381055657320758e+03,-9.318477042788041231e+00
2.057811541730230601e+03,-8.118514616599584599e+01
2.060242027803140445e+03,2.132879149603845903e+01
2.062672513876050289e+03,7.767624739100637044e+01
2.065102999948959678e+03,7.673660696875221277e+01
2.067533486021869521e+03,2.573489155554073093e+01
2.069963972094779365e+03,2.631657347642114075e+01
2.072394458167688754e+03,4.627687077366893931e+01
2.074824944240598597e+03,9.402022759925240791e+01
2.077255430313508441e+03,8.972123653836077040e+01
2.079685916386418285e+03,5.205288735593612870e+01
2.082116402459327674e+03,4.999936147299653300e+01
2.084546888532237517e+03,1.007768249592264596e+02
2.086977374605147361e+03,1.157285411309105001e+02
2.089407860678056750e+03,6.533307284498620504e+01
2.091838346750966593e+03,2.553534997238902449e+01
2.094268832823876437e+03,8.722799985974029369e+01
2.096699318896786281e+03,3.674446460381124435e+00
2.099129804969696124e+03,4.837297908624324094e+01
2.101560291042605513e+03,1.580811404123022896e+02
2.103990777115515357e+03,1.736982916904686078e+02
2.106421263188425200e+03,1.180138397204706848e+02
2.108851749261334589e+03,1.273996147840240809e+02
2.111282235334244433e+03,1.251351897588843514e+02
2.113712721407154277e+03,4.896044756712853285e+01
2.116143207480064120e+03,1.811359111455641653e+02
2.118573693552973509e+03,2.446129639794072830e+02
2.121004179625883353e+03,2.582674262788727901e+02
2.123434665698793196e+03,1.843225360931386376e+02
2.125865151771702585e+03,1.822439377833574099e+02
2.128295637844612429e+03,3.341157961276497446e+01
2.130726123917522273e+03,1.692544678373263878e+02
2.133156609990432116e+03,5.262903561454942292e+01
2.135587096063341960e+03,1.979097542847997886e+02
2.138017582136251349e+03,1.486391777296148291e+02
2.140448068209161192e+03,2.356648706470867012e+02
2.142878554282071036e+03,2.183251001226535664e+02
2.145309040354980425e+03,1.036281047457545128e+02
2.147739526427890269e+03,1.555012340755347395e+02
2.150170012500800112e+03,1.350984457041784310e+02
2.152600498573709956e+03,1.363326731263895226e+02
2.155030984646619345e+03,6.280506914758188941e+01
2.157461470719529189e+03,1.915953411858928064e+02
2.159891956792439032e+03,1.722030582846322488e+02
2.162322442865348421e+03,2.477288903412158163e+02
2.164752928938258265e+03,1.843928140965018372e+02
2.167183415011168108e+03,1.780422246530956443e+02
2.169613901084077952e+03,2.652181470826375289e+02
2.172044387156987341e+03,2.749394845983095479e+02
2.174474873229897185e+03,3.839814198520423361e+02
2.176905359302807028e+03,2.837887889837342641e+02
2.179335845375716872e+03,2.737741832152245820e+02
2.181766331448626261e+03,2.715733566112260746e+02
2.184196817521536104e+03,3.804010747436512361e+02
2.186627303594445948e+03,3.656187946970043754e+02
2.189057789667355792e+03,3.642153108016714782e+02
2.191488275740265181e+03,3.854108441669779381e+02
2.193918761813175024e+03,4.442426579052935836e+02
2.196349247886084868e+03,3.710445137303738079e+02
2.198779733958994257e+03,3.810776150436070111e+02
2.201210220031904100e+03,3.842584592013309361e+02
2.203640706104813944e+03,4.494956194135409646e+02
2.206071192177723788e+03,3.846298386221042733e+02
2.208501678250633177e+03,4.395856827449600246e+02
2.210932164323543020e+03,4.485307771586843160e+02
2.213362650396452864e+03,4.531225079649496479e+02
2.215793136469362707e+03,5.166671789675282298e+02
2.218223622542272096e+03,6.305022808912182199e+02
2.220654108615181940e+03,5.053517459555849314e+02
2.223084594688091784e+03,5.337564603523320557e+02
2.225515080761001627e+03,5.423339949922072947e+02
2.227945566833911016e+03,5.533936139862759092e+02
2.230376052906820860e+03,5.810596894571921212e+02
2.232806538979730703e+03,5.868193325016806057e+02
2.235237025052640092e+03,7.207615143091197751e+02
2.237667511125549936e+03,8.025144189937791452e+02
2.240097997198459780e+03,6.652570344706383594e+02
2.242528483271369623e+03,7.554705255365597623e+02
2.244958969344279012e+03,7.235221741015843691e+02
2.247389455417188856e+03,7.728314232244032382e+02
2.249819941490098699e+03,7.449920130993690464e+02
2.252250427563008088e+03,7.353978037375678696e+02
2.254680913635917932e+03,7.752745789152096449e+02
2.257111399708827776e+03,7.467843507337083793e+02
2.259541885781737619e+03,7.547327538865156384e+02
2.261972371854647463e+03,8.588060856258770173e+02
2.264402857927556852e+03,7.658241966855408691e+02
2.266833344000466695e+03,9.031044426138834069e+02
2.269263830073376539e+03,7.487982595203997107e+02
2.271694316146285928e+03,8.178782588138518577e+02
2.274124802219195772e+03,7.634398440724636430e+02
2.276555288292105615e+03,9.528420271194844418e+02
2.278985774365015459e+03,8.168942302930830692e+02
2.281416260437924848e+03,8.524910276486752991e+02
2.283846746510834691e+03,9.960012135844125396e+02
2.286277232583744535e+03,8.804408626088876417e+02
2.288707718656653924e+03,9.383006929447527682e+02
2.291138204729563768e+03,9.100772698775534764e+02
2.293568690802473611e+03,9.995945793555898717e+02
2.295999176875383455e+03,9.353636217969723248e+02
2.298429662948293299e+03,9.463805105505321080e+02
2.300860149021202687e+03,1.015964256900469991e+03
2.303290635094112531e+03,9.899145368298645735e+02
2.305721121167022375e+03,9.874693280369883723e+02
2.308151607239931764e+03,1.017311776369306813e+03
2.310582093312841607e+03,1.057322116380544003e+03
2.313012579385751451e+03,9.973521264423767434e+02
2.315443065458661295e+03,1.092137727453097796e+03
2.317873551531570683e+03,1.046569457789032413e+03
2.320304037604480527e+03,9.159487581044367062e+02
2.322734523677390371e+03,9.777797520901436883e+02
2.325165009750299760e+03,1.105654448029520381e+03
2.327595495823209603e+03,1.080408919525517149e+03
2.330025981896119447e+03,1.124395165288460475e+03
2.332456467969029291e+03,1.016414946642206246e+03
2.334886954041939134e+03,1.064237553777235235e+03
2.337317440114848523e+03,1.197103430451130635e+03
2.339747926187758367e+03,1.149206796504732893e+03
2.342178412260667756e+03,1.175644634413669564e+03
2.344608898333577599e+03,1.260228634146399827e+03
2.347039384406487443e+03,1.154608730712446231e+03
2.349469870479397287e+03,1.180155723327108944e+03
2.351900356552307130e+03,1.258086942919700959e+03
2.354330842625216519e+03,1.417223701551321255e+03
2.356761328698126363e+03,1.377491124941714361e+03
2.359191814771036206e+03,1.398872199045644948e+03
2.361622300843945595e+03,1.255208910322306110e+03
2.364052786916855439e+03,1.371982804274957971e+03
2.366483272989765283e+03,1.319665388673651250e+03
2.368913759062675126e+03,1.493105238197409335e+03
2.371344245135584970e+03,1.415552708840307560e+03
2.373774731208494359e+03,1.503242577801083144e+03
2.376205217281404202e+03,1.507001045513670533e+03
2.378635703354313591e+03,1.470061798460713590e+03
2.381066189427223435e+03,1.472672876623809998e+03
2.383496675500133279e+03,1.606415284710391234e+03
2.385927161573043122e+03,1.623641792245878378e+03
2.388357647645952966e+03,1.727662874331303783e+03
2.390788133718862355e+03,1.690084960472574494e+03
2.393218619791772198e+03,1.573493693880257524e+03
2.395649105864682042e+03,1.728835927969274053e+03
2.398079591937591431e+03,1.795809105104258606e+03
2.400510078010501275e+03,1.827076031772469605e+03
2.402940564083411118e+03,1.826912079351783177e+03
2.405371050156320962e+03,1.920001905920266609e+03
2.407801536229230351e+03,1.974856218136891357e+03
2.410232022302140194e+03,2.110065394196791658e+03
2.412662508375050038e+03,1.861562329818112630e+03
2.415092994447959427e+03,1.859969635462408405e+03
2.417523480520869271e+03,1.991020533945518082e+03
2.419953966593779114e+03,2.095760121433078893e+03
2.422384452666688958e+03,2.128112636451899107e+03
2.424814938739598801e+03,2.208636982154257112e+03
2.427245424812508190e+03,2.115570372356261487e+03
2.429675910885418034e+03,2.298190763212103320e+03
2.432106396958327878e+03,2.212870907425969563e+03
2.434536883031237267e+03,2.341329803416665527e+03
2.436967369104147110e+03,2.346885861676235891e+03
2.439397855177056954e+03,2.431604854976092156e+03
2.441828341249966797e+03,2.433593546289037022e+03
2.444258827322876186e+03,2.507378526695091750e+03
2.446689313395786030e+03,2.438280660952648304e+03
2.449119799468695874e+03,2.435324201315117080e+03
2.451550285541605263e+03,2.503158211669846878e+03
2.453980771614515106e+03,2.689577692407505310e+03
2.456411257687424950e+03,2.611834425246761839e+03
2.458841743760334793e+03,3.045781214908120091e+03
2.461272229833244637e+03,2.805081352663191410e+03
2.463702715906154026e+03,2.874500847987714224e+03
2.466133201979063870e+03,2.890192284267577634e+03
2.468563688051973713e+03,3.031088105717488816e+03
2.470994174124883102e+03,2.993786350655941987e+03
2.473424660197792946e+03,3.157261803365634023e+03
2.475855146270702789e+03,3.053671664481802054e+03
2.478285632343612633e+03,3.118029470202242464e+03
2.480716118416522022e+03,3.149113997598657079e+03
2.483146604489431866e+03,3.184965673478129702e+03
2.485577090562341709e+03,3.148751670648463914e+03
2.488007576635251098e+03,3.262194140304041866e+03
2.490438062708160942e+03,3.296216021718857519e+03
2.492868548781070785e+03,3.357985399700286507e+03
2.495299034853980629e+03,3.534987556365934779e+03
2.497729520926890473e+03,3.294943912342331259e+03
2.500160006999799862e+03,3.761557376471819225e+03
2.502590493072709705e+03,3.728216357940955731e+03
2.505020979145619094e+03,3.582731414702253915e+03
2.507451465218528938e+03,3.638723334620277456e+03
2.509881951291438781e+03,3.951689958778234995e+03
2.512312437364348625e+03,3.718159792553347415e+03
2.514742923437258469e+03,4.131590044441974896e+03
2.517173409510167858e+03,3.845759840025908488e+03
2.519603895583077701e+03,3.813643357029142408e+03
2.522034381655987545e+03,3.701091026710412279e+03
2.524464867728896934e+03,3.894352359816105036e+03
2.526895353801806777e+03,3.792255806308943193e+03
2.529325839874716621e+03,3.760935922215342089e+03
2.531756325947626465e+03,3.675910033135236972e+03
2.534186812020536308e+03,3.473108837273030076e+03
2.536617298093445697e+03,3.692471164445613340e+03
2.539047784166355541e+03,4.072977317711974592e+03
2.541478270239264930e+03,4.297559470880984918e+03
2.543908756312174773e+03,3.772554255951518371e+03
2.546339242385084617e+03,3.938838705093401131e+03
2.548769728457994461e+03,3.771660338647494427e+03
2.551200214530904304e+03,3.751842428265741546e+03
2.553630700603813693e+03,3.662498523020358334e+03
2.556061186676723537e+03,4.341125658770203700e+03
2.558491672749633381e+03,4.303005294652865814e+03
2.560922158822542769e+03,3.437823149600859324e+03
2.563352644895452613e+03,2.657484036565933366e+03
2.565783130968362457e+03,3.144269461804020466e+03
2.568213617041272300e+03,4.035830241231726632e+03
2.570644103114181689e+03,3.274864787324321242e+03
2.573074589187091533e+03,3.991133080048467036e+03
2.575505075260001377e+03,3.329864827129860714e+03
2.577935561332910765e+03,3.505532289747516188e+03
2.580366047405820609e+03,4.316415967626868223e+03
2.582796533478730453e+03,3.159628070201056744e+03
2.585227019551640296e+03,2.944008673963458932e+03
2.587657505624550140e+03,3.330715326539839225e+03
2.590087991697459529e+03,3.574986324809286543e+03
2.592518477770369373e+03,4.066017114919062351e+03
2.594948963843279216e+03,2.555784532688624950e+03
2.597379449916188605e+03,2.812970210203920942e+03
2.599809935989098449e+03,4.281861439330110443e+03
2.602240422062008292e+03,3.844272534096489380e+03
2.604670908134918136e+03,2.910136583967100250e+03
2.607101394207827525e+03,2.666110208643505757e+03
2.609531880280737369e+03,3.881122983897833819e+03
2.611962366353647212e+03,4.410676538902690481e+03
2.614392852426556601e+03,4.329440358705424842e+03
2.616823338499466445e+03,3.334184465796764925e+03
2.619253824572376288e+03,3.475772666579371162e+03
2.621684310645286132e+03,3.941735362488743704e+03
2.624114796718195976e+03,5.517201818680867291e+03
2.626545282791105365e+03,4.978910924523755966e+03
2.628975768864015208e+03,4.559426048308677309e+03
2.631406254936925052e+03,3.410666294484950868e+03
2.633836741009834441e+03,4.915343790168644773e+03
2.636267227082744284e+03,5.963941451503731514e+03
2.638697713155654128e+03,6.906619248389444692e+03
2.641128199228563972e+03,6.300089216615793703e+03
2.643558685301473361e+03,6.203345054228665504e+03
2.645989171374383204e+03,5.920192728442506450e+03
2.648419657447293048e+03,6.466602195467287856e+03
2.650850143520202437e+03,6.952206314427289726e+03
2.653280629593112280e+03,6.062784499247231906e+03
2.655711115666022124e+03,5.628786704077705508e+03
2.658141601738931968e+03,6.025685306714268336e+03
2.660572087811841811e+03,4.775319163190884865e+03
2.663002573884751200e+03,4.835673419527632177e+03
2.665433059957661044e+03,3.478923520379744787e+03
2.667863546030570888e+03,2.650506427260266264e+03
2.670294032103480276e+03,3.465246731147613900e+03
2.672724518176390120e+03,3.752815341037000053e+03
2.675155004249299964e+03,4.345172655563575063e+03
2.677585490322209807e+03,3.195174471676542908e+03
2.680015976395119196e+03,3.616618267770015791e+03
2.682446462468029040e+03,5.114693309970000882e+03
2.684876948540938884e+03,5.190164449004795642e+03
2.687307434613848272e+03,5.206133708615773685e+03
2.689737920686758116e+03,5.800840927671278223e+03
2.692168406759667960e+03,6.070372132854453412e+03
2.694598892832577803e+03,4.732022835047399894e+03
2.697029378905487647e+03,5.030346999529029745e+03
2.699459864978397036e+03,6.625700648295868632e+03
2.701890351051306880e+03,6.169256039972325198e+03
2.704320837124216268e+03,7.193745720929044182e+03
2.706751323197126112e+03,7.519297516461232590e+03
2.709181809270035956e+03,6.139614572496232540e+03
2.711612295342945799e+03,4.818687646225369463e+03
2.714042781415855643e+03,6.638451453607984149e+03
2.716473267488765032e+03,7.566991031942787231e+03
2.718903753561674876e+03,6.294031471718245484e+03
2.721334239634584719e+03,4.324717235451647866e+03
2.723764725707494108e+03,5.677777474386359245e+03
2.726195211780403952e+03,5.395267631338770116e+03
2.728625697853313795e+03,8.571800417841755916e+03
2.731056183926223639e+03,8.606376979174799999e+03
2.733486669999133483e+03,8.288719524378195274e+03
2.735917156072042872e+03,7.208505594006139290e+03
2.738347642144952715e+03,6.276104020943610521e+03
2.740778128217862104e+03,4.334333515759792135e+03
2.743208614290771948e+03,5.607781742478785418e+03
2.745639100363681791e+03,8.198048034990837550e+03
2.748069586436591635e+03,8.890429971370747808e+03
2.750500072509501479e+03,8.163362528738819492e+03
2.752930558582410868e+03,7.583214406323016192e+03
2.755361044655320711e+03,5.847770717467145005e+03
2.757791530728230555e+03,5.876937126575708135e+03
2.760222016801139944e+03,8.415341612084544977e+03
2.762652502874049787e+03,7.107622888901314582e+03
2.765082988946959631e+03,6.011237065703923690e+03
2.767513475019869475e+03,7.498852217641256175e+03
2.769943961092778864e+03,7.238980345606008086e+03
2.772374447165688707e+03,7.846408933385432647e+03
2.774804933238598551e+03,8.616516325189391864e+03
2.777235419311507940e+03,8.677967118238608236e+03
2.779665905384417783e+03,8.702571306966496195e+03
2.782096391457327627e+03,8.825101615627048886e+03
2.784526877530237471e+03,9.239611590051323219e+03
2.786957363603147314e+03,8.489589847616034604e+03
2.789387849676056703e+03,8.493222168814723773e+03
2.791818335748966547e+03,1.032451462601035564e+04
2.794248821821876390e+03,1.045800011013604126e+04
2.796679307894785779e+03,1.067172586382479858e+04
2.799109793967695623e+03,1.048904446781013939e+04
2.801540280040605467e+03,1.022827934892091980e+04
2.803970766113515310e+03,7.957481223551840230e+03
2.806401252186424699e+03,9.377228080785213024e+03
2.808831738259334543e+03,1.142501450069555540e+04
2.811262224332244386e+03,1.312477306667802804e+04
2.813692710405153775e+03,1.245849901936864808e+04
2.816123196478063619e+03,1.151806536706800580e+04
2.818553682550973463e+03,1.246791669578089386e+04
2.820984168623883306e+03,1.180202165627826435e+04
2.823414654696793150e+03,1.327890251172528406e+04
2.825845140769702539e+03,1.509778914899136907e+04
2.828275626842612382e+03,1.430756576727067841e+04
2.830706112915521771e+03,1.388391861164622424e+04
2.833136598988431615e+03,1.445752464929684902e+04
2.835567085061341459e+03,1.442985629752671957e+04
2.837997571134251302e+03,1.459094046698369675e+04
2.840428057207161146e+03,1.465202196301995173e+04
2.842858543280070990e+03,1.617449094907891413e+04
2.845289029352980378e+03,1.834562438188357919e+04
2.847719515425890222e+03,1.697471364980946601e+04
2.850150001498799611e+03,1.611266355271459361e+04
2.852580487571709455e+03,1.560560877316909318e+04
2.855010973644619298e+03,1.567004373613013922e+04
2.857441459717529142e+03,1.616163320523140101e+04
2.859871945790438986e+03,1.733969106137870767e+04
2.862302431863348374e+03,1.844427373338923644e+04
2.864732917936258218e+03,1.944693032170988590e+04
2.867163404009167607e+03,1.633457303115468494e+04
2.869593890082077451e+03,1.666577324524777941e+04
2.872024376154987294e+03,1.696978224567516372e+04
2.874454862227897138e+03,1.540405430639490987e+04
2.876885348300806982e+03,1.655159972212450157e+04
2.879315834373716825e+03,1.576088854680085751e+04
2.881746320446626214e+03,1.603443872199911857e+04
2.884176806519535603e+03,1.553319782415492227e+04
2.886607292592445447e+03,1.338327791263326071e+04
2.889037778665355290e+03,1.314255932056335769e+04
2.891468264738265134e+03,1.155744670986458914e+04
2.893898750811174978e+03,1.247320951382534440e+04
2.896329236884084821e+03,1.163860115694910019e+04
2.898759722956994210e+03,1.170805041599895230e+04
2.901190209029904054e+03,1.079069247700514643e+04
2.903620695102813443e+03,9.844657334136663849e+03
2.906051181175723286e+03,9.139741629506754180e+03
2.908481667248633130e+03,8.268979903198671309e+03
2.910912153321542974e+03,7.941777842142527334e+03
2.913342639394452817e+03,7.486591780187282893e+03
2.915773125467362206e+03,7.125814408542427373e+03
2.918203611540272050e+03,7.207488927487203000e+03
2.920634097613181439e+03,6.928542433602534402e+03
2.923064583686091282e+03,6.773888192196096497e+03
2.925495069759001126e+03,6.861318501867844134e+03
2.927925555831910970e+03,6.442545918452681690e+03
2.930356041904820813e+03,5.890543030602785620e+03
2.932786527977730657e+03,6.777245469128921286e+03
2.935217014050640046e+03,6.931951510863557814e+03
2.937647500123549889e+03,6.232282524836511584e+03
2.940077986196459278e+03,6.183123529601602058e+03
2.942508472269369122e+03,8.169360649858957913e+03
2.944938958342278966e+03,8.541891596401388597e+03
2.947369444415188809e+03,8.613134577936069036e+03
2.949799930488098653e+03,1.031492744491665508e+04
2.952230416561008042e+03,1.035356395907897604e+04
2.954660902633917885e+03,1.043047469266555709e+04
2.957091388706827274e+03,1.156400117674272769e+04
2.959521874779737118e+03,1.213175515384262872e+04
2.961952360852646962e+03,1.242347026769873082e+04
2.964382846925556805e+03,1.291045574115662203e+04
2.966813332998466649e+03,1.213445020231686976e+04
2.969243819071376493e+03,1.306914539020907978e+04
2.971674305144285881e+03,1.300858013237872365e+04
2.974104791217195725e+03,1.378159412169360621e+04
2.976535277290105114e+03,1.422533838551463123e+04
2.978965763363014958e+03,1.439046452617408795e+04
2.981396249435924801e+03,1.394750841367779685e+04
2.983826735508834645e+03,1.415538978980977299e+04
2.986257221581744489e+03,1.439323731781444985e+04
2.988687707654653877e+03,1.411270342192768840e+04
2.991118193727563721e+03,1.424986876164521345e+04
2.993548679800473110e+03,1.486431638133132219e+04
2.995979165873382954e+03,1.515080277043451679e+04
2.998409651946292797e+03,1.638088363662693882e+04
3.000840138019202641e+03,1.737632137775204319e+04
3.003270624092112485e+03,1.842400626075014225e+04
3.005701110165022328e+03,1.865065905748209116e+04
3.008131596237931717e+03,1.911805285229926812e+04
3.010562082310841561e+03,1.913128352911231559e+04
3.012992568383750950e+03,1.922934143627881349e+04
3.015423054456660793e+03,1.993092062858645659e+04
3.017853540529570637e+03,1.896114501114271479e+04
3.020284026602480481e+03,1.954273407859004146e+04
3.022714512675390324e+03,1.992940227737043824e+04
3.025144998748299713e+03,2.091659265842619061e+04
3.027575484821209557e+03,2.058579206153400810e+04
3.030005970894118946e+03,2.024992804341303054e+04
3.032436456967028789e+03,2.036102398542531591e+04
3.034866943039938633e+03,2.030389204120065187e+04
3.037297429112848477e+03,1.983511382184167087e+04
3.039727915185758320e+03,2.008446855663865790e+04
3.042158401258668164e+03,1.965167189587148096e+04
3.044588887331577553e+03,1.916170632867562017e+04
3.047019373404486942e+03,1.934210154230770786e+04
3.049449859477396785e+03,1.879426515060780002e+04
3.051880345550306629e+03,1.847833719260450016e+04
3.054310831623216473e+03,1.876869453209219864e+04
3.056741317696126316e+03,1.889356277891042191e+04
3.059171803769036160e+03,1.878376174848681330e+04
3.061602289841945549e+03,1.845299836605641758e+04
3.064032775914855392e+03,1.860983265447095982e+04
3.066463261987764781e+03,1.881727066890336209e+04
3.068893748060674625e+03,1.863779365027956737e+04
3.071324234133584469e+03,1.844681597816747671e+04
3.073754720206494312e+03,1.851251790735931354e+04
3.076185206279404156e+03,1.827370783294636931e+04
3.078615692352313545e+03,1.842864430110044850e+04
3.081046178425223388e+03,1.808021310980806447e+04
3.083476664498132777e+03,1.863973875207215315e+04
3.085907150571042621e+03,1.914398640483605777e+04
3.088337636643952465e+03,1.911080655411750558e+04
3.090768122716862308e+03,1.892886741274609449e+04
3.093198608789772152e+03,1.956481549431747044e+04
3.095629094862681995e+03,1.963504952740477165e+04
3.098059580935591384e+03,1.972068905340320271e+04
3.100490067008501228e+03,1.971405228757467557e+04
3.102920553081410617e+03,1.973236309747608902e+04
3.105351039154320461e+03,1.974010451314990496e+04
3.107781525227230304e+03,1.955389815801434452e+04
3.110212011300140148e+03,1.941361926031323310e+04
3.112642497373049991e+03,1.956405311388710834e+04
3.115072983445959380e+03,1.996905818221900336e+04
3.117503469518869224e+03,2.045455609125356932e+04
3.119933955591778613e+03,2.067092977436691581e+04
3.122364441664688457e+03,2.042099628134536397e+04
3.124794927737598300e+03,2.078424332337560918e+04
3.127225413810508144e+03,1.985012972815790636e+04
3.129655899883417987e+03,1.941700492992466388e+04
3.132086385956327831e+03,1.888598804847452266e+04
3.134516872029237220e+03,1.845304733783608026e+04
3.136947358102147064e+03,1.910196395282433150e+04
3.139377844175056453e+03,1.953626801117681680e+04
3.141808330247966296e+03,1.893204783728898838e+04
3.144238816320876140e+03,1.997389065226707316e+04
3.146669302393785983e+03,2.034842269511682753e+04
3.149099788466695827e+03,1.910360755135296858e+04
3.151530274539605216e+03,2.053053119489473829e+04
3.153960760612515060e+03,1.899005710164528864e+04
3.156391246685424449e+03,1.828604849714744705e+04
3.158821732758334292e+03,1.933037594900990734e+04
3.161252218831244136e+03,2.053649777571556115e+04
3.163682704904153979e+03,1.889244571068785444e+04
3.166113190977063823e+03,1.852598417755269111e+04
3.168543677049973667e+03,2.009682067564869067e+04
3.170974163122883056e+03,1.977528663124449668e+04
3.173404649195792899e+03,1.870563649166325922e+04
3.175835135268702288e+03,1.951645264563270393e+04
3.178265621341612132e+03,2.026036242865749227e+04
3.180696107414521975e+03,1.912901459611046812e+04
3.183126593487431819e+03,1.990619852186647040e+04
3.185557079560341663e+03,2.089075490455843101e+04
3.187987565633251052e+03,1.936740094835061973e+04
3.190418051706160895e+03,1.720414516805719177e+04
3.192848537779070284e+03,1.828971209084190559e+04
3.195279023851980128e+03,1.916081247010956577e+04
3.197709509924889971e+03,1.939649049500567708e+04
3.200139995997799815e+03,1.948257920002179162e+04
3.202570482070709659e+03,1.820956057687179054e+04
3.205000968143619502e+03,1.737326546980430794e+04
3.207431454216528891e+03,1.792458642954076640e+04
3.209861940289438280e+03,1.925131634455134918e+04
3.212292426362348124e+03,1.948595533050172162e+04
3.214722912435257967e+03,1.795088610814600543e+04
3.217153398508167811e+03,1.673717282309472284e+04
3.219583884581077655e+03,1.720948648468531974e+04
3.222014370653987498e+03,1.918464945653780524e+04
3.224444856726896887e+03,1.814679689947555016e+04
3.226875342799806731e+03,1.842024694319823539e+04
3.229305828872716120e+03,1.854656711578673276e+04
3.231736314945625963e+03,1.811672310114203719e+04
3.234166801018535807e+03,1.696265776451056809e+04
3.236597287091445651e+03,1.749234645992851074e+04
3.239027773164355494e+03,1.800519134484950700e+04
3.241458259237264883e+03,1.768634850125674348e+04
3.243888745310174727e+03,1.661689320899728045e+04
3.246319231383084116e+03,1.837801146560714551e+04
3.248749717455993959e+03,1.793975870865075922e+04
3.251180203528903803e+03,1.685426420728388621e+04
3.253610689601813647e+03,1.586476265784669340e+04
3.256041175674723490e+03,1.580275378025123609e+04
3.258471661747633334e+03,1.594230219957450026e+04
3.260902147820542723e+03,1.539415366472111782e+04
3.263332633893452567e+03,1.520257880801674219e+04
3.265763119966361955e+03,1.711059689619939672e+04
3.268193606039271799e+03,1.738529339948961933e+04
3.270624092112181643e+03,1.591857869548646522e+04
3.273054578185091486e+03,1.434578309650520350e+04
3.275485064258001330e+03,1.438423821733723707e+04
3.277915550330910719e+03,1.457683815491047426e+04
3.280346036403820563e+03,1.520005158292146916e+04
3.282776522476729951e+03,1.538172416284481005e+04
3.285207008549639795e+03,1.441594377707841886e+04
3.287637494622549639e+03,1.435279346610000539e+04
3.290067980695459482e+03,1.540235791884930768e+04
3.292498466768369326e+03,1.603430028482237140e+04
3.294928952841279170e+03,1.500252222259172413e+04
3.297359438914188559e+03,1.451795013575148914e+04
3.299789924987098402e+03,1.438473750704104168e+04
3.302220411060007791e+03,1.460012020272877453e+04
3.304650897132917635e+03,1.517820367246812566e+04
3.307081383205827478e+03,1.477658605951399477e+04
3.309511869278737322e+03,1.392492724275169894e+04
3.311942355351647166e+03,1.332850634703583819e+04
3.314372841424556555e+03,1.401751696934788197e+04
3.316803327497466398e+03,1.272493601448859408e+04
3.319233813570375787e+03,1.261985264370265395e+04
3.321664299643285631e+03,1.328211459025750628e+04
3.324094785716195474e+03,1.301772273891225814e+04
3.326525271789105318e+03,1.293148229254693433e+04
3.328955757862015162e+03,1.281676182602585504e+04
3.331386243934925005e+03,1.262175470150353794e+04
3.333816730007834394e+03,1.230925845419431971e+04
3.336247216080744238e+03,1.194559509235212863e+04
3.338677702153653627e+03,1.178938305144242440e+04
3.341108188226563470e+03,1.201893632681988129e+04
3.343538674299473314e+03,1.159683944396906554e+04
3.345969160372383158e+03,1.106581427992457066e+04
3.348399646445293001e+03,1.067914015211317565e+04
3.350830132518202390e+03,1.099204184912482197e+04
3.353260618591112234e+03,1.047217031639771449e+04
3.355691104664021623e+03,1.060253826991952337e+04
3.358121590736931466e+03,1.158034315152542149e+04
3.360552076809841310e+03,1.116460711398389685e+04
3.362982562882751154e+03,1.054349131231088359e+04
3.365413048955660997e+03,1.022002057042156957e+04
3.367843535028570841e+03,1.092392560458699154e+04
3.370274021101480230e+03,9.868069318387537351e+03
3.372704507174389619e+03,9.361973614058360909e+03
3.375134993247299462e+03,9.691260513853363591e+03
3.377565479320209306e+03,9.669606623069610578e+03
3.379995965393119150e+03,9.577796029186416490e+03
3.382426451466028993e+03,9.410846761804043126e+03
3.384856937538938837e+03,9.127404743067656455e+03
3.387287423611848226e+03,8.823679039635713707e+03
3.389717909684758069e+03,8.711237016691373356e+03
3.392148395757667458e+03,8.856138596731108919e+03
3.394578881830577302e+03,8.446759284028805268e+03
3.397009367903487146e+03,8.126470555224664167e+03
3.399439853976396989e+03,7.937853501383794537e+03
3.401870340049306833e+03,8.106785462081384139e+03
3.404300826122216677e+03,8.022366715151441895e+03
3.406731312195126065e+03,7.768115192710279189e+03
3.409161798268035454e+03,7.334687027245370700e+03
3.411592284340945298e+03,7.554879352775460575e+03
3.414022770413855142e+03,7.524608413056942481e+03
3.416453256486764985e+03,7.041002343817206565e+03
3.418883742559674829e+03,7.063199717207841786e+03
3.421314228632584673e+03,7.171613567402262561e+03
3.423744714705494061e+03,7.263953586188858026e+03
3.426175200778403905e+03,6.660368378704729366e+03
3.428605686851313294e+03,7.060563020297348885e+03
3.431036172924223138e+03,7.615940415159379882e+03
3.433466658997132981e+03,6.788644905625896172e+03
3.435897145070042825e+03,6.630335423762317077e+03
3.438327631142952669e+03,6.681475840331620020e+03
3.440758117215862057e+03,6.711481161279021762e+03
3.443188603288771901e+03,6.324271354771244660e+03
3.445619089361681290e+03,6.290006375792313520e+03
3.448049575434591134e+03,6.983229184355933285e+03
3.450480061507500977e+03,7.097733960270367788e+03
3.452910547580410821e+03,6.734089730023869379e+03
3.455341033653320665e+03,5.834323833985169586e+03
3.457771519726230508e+03,6.089348217754537473e+03
3.460202005799139897e+03,6.751049673054813866e+03
3.462632491872049741e+03,7.762837852646079227e+03
3.465062977944959130e+03,6.385909904738236037e+03
3.467493464017868973e+03,5.667930523924722365e+03
3.469923950090778817e+03,5.580248234347601283e+03
3.472354436163688661e+03,6.510906215617419548e+03
3.474784922236598504e+03,6.683732965607923688e+03
3.477215408309507893e+03,6.325950257024978782e+03
3.479645894382417737e+03,6.891796847657965372e+03
3.482076380455327126e+03,6.886909411330351759e+03
3.484506866528236969e+03,6.418005915235101384e+03
3.486937352601146813e+03,5.450605907067786575e+03
3.489367838674056657e+03,5.161111836071479047e+03
3.491798324746966500e+03,5.386362122471005023e+03
3.494228810819876344e+03,5.847477371402590506e+03
3.496659296892785733e+03,6.189030772035934206e+03
3.499089782965695576e+03,6.386419689184458548e+03
3.501520269038604965e+03,5.714026319809233428e+03
3.503950755111514809e+03,5.868699134061178484e+03
3.506381241184424653e+03,6.702922409698221600e+03
3.508811727257334496e+03,7.233140345420887570e+03
3.511242213330244340e+03,7.090569293710999773e+03
3.513672699403153729e+03,6.303392497537900454e+03
3.516103185476063572e+03,6.249111929635776505e+03
3.518533671548972961e+03,6.374506325121855298e+03
3.520964157621882805e+03,6.697583413597504659e+03
3.523394643694792649e+03,7.018559613292421091e+03
3.525825129767702492e+03,6.976013483083967003e+03
3.528255615840612336e+03,6.393054432279027424e+03
3.530686101913522180e+03,6.005009754863619492e+03
3.533116587986431568e+03,5.725730604286000016e+03
3.535547074059341412e+03,5.606811637848978535e+03
3.537977560132250801e+03,5.438548327808789509e+03
3.540408046205160645e+03,5.318753652259882983e+03
3.542838532278070488e+03,5.393134311504182733e+03
3.545269018350980332e+03,5.848193222109577619e+03
3.547699504423890176e+03,6.300891402975765232e+03
3.550129990496799564e+03,5.716185921987999791e+03
3.552560476569709408e+03,5.794168672334398252e+03
3.554990962642618797e+03,6.321914674290485891e+03
3.557421448715528641e+03,6.268585552366330376e+03
3.559851934788438484e+03,6.162401597928487718e+03
3.562282420861348328e+03,5.995903513125350401e+03
3.564712906934258172e+03,5.928159677275331887e+03
3.567143393007168015e+03,5.914533250206774937e+03
3.569573879080077404e+03,5.987293030877433921e+03
3.572004365152986793e+03,5.891649553220267080e+03
3.574434851225896637e+03,5.763717384486685660e+03
3.576865337298806480e+03,5.723477517430354965e+03
3.579295823371716324e+03,5.818525578234125533e+03
3.581726309444626168e+03,5.975615853208842054e+03
3.584156795517536011e+03,5.228082698933624670e+03
3.586587281590445400e+03,4.943878053018591345e+03
3.589017767663355244e+03,5.243496994090339285e+03
3.591448253736264633e+03,5.156931603014470966e+03
3.593878739809174476e+03,5.150506220842770745e+03
3.596309225882084320e+03,5.558105696671417718e+03
3.598739711954994164e+03,5.278146269245191434e+03
3.601170198027904007e+03,4.688744375284612033e+03
3.603600684100813396e+03,4.582576867866815519e+03
3.606031170173723240e+03,4.500496527946800597e+03
3.608461656246632629e+03,4.446060914950067854e+03
3.610892142319542472e+03,4.327512603231600224e+03
3.613322628392452316e+03,4.350566462258390857e+03
3.615753114465362160e+03,4.830282746478826994e+03
3.618183600538272003e+03,4.851936014735451863e+03
3.620614086611181847e+03,4.613023472098823731e+03
3.623044572684091236e+03,4.373442666755723621e+03
3.625475058757001079e+03,4.202095416245761953e+03
3.627905544829910468e+03,4.132246828757730327e+03
3.630336030902820312e+03,4.055829943623711642e+03
3.632766516975730156e+03,4.016243357078270492e+03
3.635197003048639999e+03,4.194335323507249086e+03
3.637627489121549843e+03,4.250397108280655630e+03
3.640057975194459232e+03,4.194254531392988611e+03
3.642488461267369075e+03,3.993169506086961064e+03
3.644918947340278464e+03,3.792459504399948855e+03
3.647349433413188308e+03,3.648065832369714826e+03
3.649779919486098152e+03,3.624380550801135996e+03
3.652210405559007995e+03,3.678412642633850282e+03
3.654640891631917839e+03,3.513573652779692111e+03
3.657071377704827682e+03,3.461202471347945448e+03
3.659501863777737071e+03,3.671304393508613884e+03
3.661932349850646915e+03,3.586592205392413234e+03
3.664362835923556304e+03,3.353494534677227875e+03
3.666793321996466148e+03,3.275523696727619608e+03
3.669223808069375991e+03,3.308571086097188527e+03
3.671654294142285835e+03,3.549088973892098238e+03
3.674084780215195678e+03,3.542247528479672837e+03
3.676515266288105067e+03,3.419596553102319831e+03
3.678945752361014911e+03,3.165542358329226317e+03
3.681376238433924300e+03,3.012564662878517993e+03
3.683806724506834144e+03,3.047714426022596399e+03
3.686237210579743987e+03,2.988089400884489351e+03
3.688667696652653831e+03,2.882943190157828212e+03
3.691098182725563674e+03,2.681936168897151674e+03
3.693528668798473518e+03,2.597469505355271849e+03
3.695959154871382907e+03,2.765446491418887945e+03
3.698389640944292751e+03,2.782725426398990749e+03
3.700820127017202140e+03,2.711946570199793769e+03
3.703250613090111983e+03,2.625017190569023114e+03
3.705681099163021827e+03,2.581516779566322384e+03
3.708111585235931670e+03,2.671326419839107984e+03
3.710542071308841514e+03,2.622213899343258618e+03
3.712972557381750903e+03,2.461123702832078834e+03
3.715403043454660747e+03,2.494226324397890039e+03
3.717833529527570136e+03,2.525174018056663044e+03
3.720264015600479979e+03,2.352907809931168686e+03
3.722694501673389823e+03,2.229346763095465576e+03
3.725124987746299666e+03,2.167193283423443063e+03
3.727555473819209510e+03,2.222212807040243206e+03
3.729985959892119354e+03,2.317144885767558208e+03
3.732416445965028743e+03,2.184512609401042937e+03
3.734846932037938132e+03,2.132720184525878722e+03
3.737277418110847975e+03,2.273187335074444491e+03
3.739707904183757819e+03,2.276549687788310621e+03
3.742138390256667662e+03,2.177704238305283525e+03
3.744568876329577506e+03,2.148474093287882170e+03
3.746999362402487350e+03,2.138182431590847045e+03
3.749429848475396739e+03,2.175628572982919195e+03
3.751860334548306582e+03,2.125440594112988947e+03
3.754290820621215971e+03,1.932499264897161993e+03
3.756721306694125815e+03,1.830463855127087982e+03
3.759151792767035658e+03,1.779258202236815805e+03
3.761582278839945502e+03,1.897237824294957363e+03
3.764012764912855346e+03,1.996329047099061199e+03
3.766443250985764735e+03,1.885437381044787571e+03
3.768873737058674578e+03,1.812367559523050886e+03
3.771304223131583967e+03,1.795331397309765862e+03
3.773734709204493811e+03,1.793867414809026513e+03
3.776165195277403654e+03,1.800856578268773092e+03
3.778595681350313498e+03,1.764998652594678788e+03
3.781026167423223342e+03,1.730658522365237332e+03
3.783456653496133185e+03,1.743021983637382846e+03
3.785887139569042574e+03,1.730647250795149148e+03
3.788317625641952418e+03,1.674502469826916013e+03
3.790748111714861807e+03,1.639854961148525035e+03
3.793178597787771650e+03,1.620115813188307357e+03
3.795609083860681494e+03,1.671353628402592221e+03
3.798039569933591338e+03,1.732043902057594323e+03
3.800470056006501181e+03,1.626526216988814895e+03
3.802900542079410570e+03,1.533151194350285323e+03
3.805331028152320414e+03,1.474706052625547272e+03
3.807761514225229803e+03,1.482309158317864103e+03
3.810192000298139646e+03,1.564643976209345965e+03
3.812622486371049490e+03,1.581762722026544679e+03
3.815052972443959334e+03,1.567945604071445587e+03
3.817483458516869177e+03,1.562183858308588242e+03
3.819913944589779021e+03,1.552896237667567220e+03
3.822344430662688410e+03,1.493531569064090718e+03
3.824774916735598254e+03,1.460100564049005015e+03
3.827205402808507642e+03,1.492620602909304353e+03
3.829635888881417486e+03,1.488404388861504003e+03
3.832066374954327330e+03,1.443570253630396792e+03
3.834496861027237173e+03,1.406672313896983042e+03
3.836927347100147017e+03,1.373843649807742395e+03
3.839357833173056406e+03,1.289023648462530218e+03
3.841788319245966250e+03,1.200974187750249030e+03
3.844218805318875638e+03,1.321394763545913293e+03
3.846649291391785482e+03,1.390200480372341190e+03
3.849079777464695326e+03,1.258686353360816838e+03
3.851510263537605169e+03,1.162984160103274007e+03
3.853940749610515013e+03,1.126377297968653920e+03
3.856371235683424857e+03,1.119117826153626538e+03
3.858801721756334700e+03,1.136411595626233066e+03
3.861232207829243634e+03,1.109256316040264437e+03
3.863662693902153478e+03,1.063794685721506767e+03
3.866093179975063322e+03,1.059133348780558435e+03
3.868523666047973165e+03,1.060981973105026555e+03
3.870954152120883009e+03,1.073295980840560560e+03
3.873384638193792853e+03,1.078297469960728449e+03
3.875815124266702696e+03,1.048270252498803302e+03
3.878245610339611630e+03,1.040017795484409135e+03
3.880676096412521474e+03,1.078193783365145464e+03
3.883106582485431318e+03,1.066035708570541601e+03
3.885537068558341161e+03,9.951019167228464539e+02
3.887967554631251005e+03,9.567425168666337640e+02
3.890398040704160849e+03,9.402179962162340416e+02
3.892828526777070692e+03,9.590880513546831025e+02
3.895259012849980536e+03,9.908697993922636442e+02
3.897689498922889470e+03,9.633235984023052652e+02
3.900119984995799314e+03,9.262552581181206506e+02
3.902550471068709157e+03,8.489277333263839864e+02
3.904980957141619001e+03,7.866217491434958902e+02
3.907411443214528845e+03,8.552850573941119592e+02
3.909841929287438688e+03,9.039478790775301604e+02
3.912272415360348532e+03,8.827882684257136816e+02
3.914702901433257466e+03,8.536375831376681163e+02
3.917133387506167310e+03,8.084454275487945552e+02
3.919563873579077153e+03,7.892703915909743273e+02
3.921994359651986997e+03,8.031184338077415532e+02
3.924424845724896841e+03,8.124421431877320856e+02
3.926855331797806684e+03,8.179558484635575724e+02
3.929285817870716528e+03,8.199497163415509249e+02
3.931716303943625462e+03,8.199704595654699233e+02
3.934146790016535306e+03,7.798056460810413455e+02
3.936577276089445149e+03,7.251779653889212796e+02
3.939007762162354993e+03,6.975796412697028472e+02
3.941438248235264837e+03,6.758325038565893692e+02
3.943868734308174680e+03,6.846996745102563864e+02
3.946299220381084524e+03,6.966605017720274873e+02
3.948729706453994368e+03,7.004333430153236577e+02
3.951160192526903302e+03,7.015126486963303023e+02
3.953590678599813145e+03,6.641542190750045620e+02
3.956021164672722989e+03,6.323002231491623206e+02
3.958451650745632833e+03,6.355544603805044517e+02
3.960882136818542676e+03,6.428485331110547349e+02
3.963312622891452520e+03,6.662975731391137515e+02
3.965743108964362364e+03,6.805392948678103267e+02
3.968173595037271298e+03,6.689649373330427125e+02
3.970604081110181141e+03,6.585227367253952480e+02
3.973034567183090985e+03,6.504626438968633693e+02
3.975465053256000829e+03,6.284689962078969074e+02
3.977895539328910672e+03,5.829244094271515451e+02
3.980326025401820516e+03,5.657942240007718055e+02
3.982756511474730360e+03,5.879009674890794486e+02
3.985186997547640203e+03,5.847450455733583112e+02
3.987617483620549137e+03,5.522948485941800527e+02
3.990047969693458981e+03,5.231611084411266575e+02
3.992478455766368825e+03,4.973240568194545972e+02
3.994908941839278668e+03,4.936179386694897744e+02
3.997339427912188512e+03,5.091286449267113312e+02
3.999769913985098356e+03,5.004344878907183443e+02
4.002200400058008199e+03,4.730541038952943040e+02
4.004630886130917133e+03,4.531047892575015794e+02
4.007061372203826977e+03,4.383647782210091464e+02
4.009491858276736821e+03,4.461512189226680221e+02
4.011922344349646664e+03,4.684495219145842384e+02
4.014352830422556508e+03,4.740060753687475312e+02
4.016783316495466352e+03,4.694194553691358465e+02
4.019213802568376195e+03,4.861431826405033121e+02
4.021644288641286039e+03,5.152144926108450136e+02
4.024074774714194973e+03,5.006057704059928142e+02
4.026505260787104817e+03,4.612287383064293067e+02
4.028935746860014660e+03,4.365157209813276609e+02
4.031366232932924504e+03,4.201352545717252838e+02
4.033796719005834348e+03,4.290771446931307764e+02
4.036227205078744191e+03,4.526341521635587810e+02
4.038657691151654035e+03,4.328972576375196581e+02
4.041088177224562969e+03,3.871568021712916448e+02
4.043518663297472813e+03,3.667697041218399931e+02
4.045949149370382656e+03,3.625825945734410993e+02
4.048379635443292500e+03,3.700289711105526749e+02
4.050810121516202344e+03,3.855100453172056518e+02
4.053240607589112187e+03,3.761584686042077124e+02
4.055671093662022031e+03,3.478739874757833945e+02
4.058101579734931875e+03,3.229712341450507438e+02
4.060532065807840809e+03,3.009759364361581788e+02
4.062962551880750652e+03,2.886015284901286577e+02
4.065393037953660496e+03,2.856748251934065479e+02
4.067823524026570340e+03,2.899118282279490586e+02
4.070254010099480183e+03,3.023688354015477557e+02
4.072684496172390027e+03,3.026720031861959228e+02
4.075114982245299871e+03,2.863208141039868337e+02
4.077545468318208805e+03,2.662085683805029817e+02
4.079975954391118648e+03,2.397423360978007452e+02
4.082406440464028492e+03,2.253116810353791095e+02
4.084836926536938336e+03,2.365186761006530958e+02
4.087267412609848179e+03,2.426878183140116789e+02
4.089697898682758023e+03,2.345598908669215632e+02
4.092128384755667867e+03,2.211757189608924818e+02
4.094558870828576801e+03,1.861514288509174264e+02
4.096989356901486644e+03,1.569977853069972298e+02
4.099419842974396488e+03,1.677991594742566122e+02
4.101850329047306332e+03,1.776698452587608870e+02
4.104280815120216175e+03,1.712042256886840335e+02
4.106711301193126019e+03,1.647537833864106460e+02
4.109141787266035863e+03,1.547918361769366413e+02
4.111572273338945706e+03,1.447567142773191051e+02
4.114002759411854640e+03,1.458443791033515424e+02
4.116433245484764484e+03,1.483138536293837433e+02
4.118863731557674328e+03,1.292087650767356877e+02
4.121294217630584171e+03,1.047461875865977845e+02
4.123724703703494015e+03,1.024990330145017055e+02
4.126155189776403859e+03,1.095239650557932833e+02
4.128585675849313702e+03,1.073692786624522597e+02
4.131016161922222636e+03,9.924503931545326907e+01
4.133446647995132480e+03,9.166450901921575678e+01
4.135877134068042324e+03,8.462578807733386554e+01
4.138307620140952167e+03,8.164901675396257019e+01
4.140738106213862011e+03,8.500622611869489731e+01
4.143168592286771855e+03,9.053444138213393444e+01
4.145599078359681698e+03,1.018094919084945076e+02
4.148029564432591542e+03,1.116804046764431888e+02
4.150460050505500476e+03,1.139375744899035823e+02
4.152890536578410320e+03,1.152505965166396891e+02
4.155321022651320163e+03,8.328665045067674555e+01
4.157751508724230007e+03,5.139734409863414299e+01
4.160181994797139851e+03,4.728367569807465287e+01
4.162612480870049694e+03,4.638942106874895899e+01
4.165042966942959538e+03,3.878569701523714031e+01
4.167473453015868472e+03,2.907536654514519725e+01
4.169903939088778316e+03,3.825855273191868378e+01
4.172334425161688159e+03,5.910386512302957129e+01
4.174764911234598003e+03,8.503357555085082709e+01
4.177195397307507847e+03,1.166855676467465628e+02
4.179625883380417690e+03,1.341091601259126662e+02
4.182056369453327534e+03,1.210548040292280945e+02
4.184486855526237377e+03,1.100670079869301077e+02
4.186917341599146312e+03,1.098632476214544766e+02
4.189347827672056155e+03,1.096598858785263957e+02
4.191778313744965999e+03,9.190410663993166906e+01
4.194208799817875843e+03,7.410822986451479721e+01
4.196639285890785686e+03,7.451030133366766961e+01
4.199069771963695530e+03,7.872266875708186262e+01
4.201500258036605373e+03,7.018689750982376552e+01
4.203930744109514308e+03,5.487449280091565385e+01
4.206361230182424151e+03,4.550009963261532420e+01
4.208791716255333995e+03,4.274732058629822973e+01
4.211222202328243839e+03,3.429696226030303308e+01
4.213652688401153682e+03,1.166464932386830178e+01
4.216083174474063526e+03,-8.456264865984771006e+00
4.218513660546973369e+03,-5.205752949196122081e+00
4.220944146619883213e+03,-1.962720053006994592e+00
4.223374632692792147e+03,1.448081911873548622e+00
4.225805118765701991e+03,4.870771135263922247e+00
4.228235604838611835e+03,-1.160153600089424053e+01
4.230666090911521678e+03,-3.669046809322873770e+01
4.233096576984431522e+03,-5.192224828552915739e+01
4.235527063057341365e+03,-5.688159549400550219e+01
4.237957549130251209e+03,-4.193302299315889314e+01
4.240388035203160143e+03,2.526446924453317067e+01
4.242818521276069987e+03,8.567445505468856481e+01
4.245249007348979831e+03,3.514729396889175206e+01
4.247679493421889674e+03,-1.526431145552938240e+01
4.250109979494799518e+03,2.162672733167175920e+01
4.252540465567709361e+03,7.604671507979975331e+01
4.254970951640619205e+03,8.103533954075051327e+01
4.257401437713528139e+03,5.337605901440793588e+01
4.259831923786437983e+03,2.704026139464887635e+01
4.262262409859347827e+03,2.950842860381408972e+00
4.264692895932257670e+03,-1.643293984035497601e+01
4.267123382005167514e+03,-2.853901443406469784e+00
4.269553868078077357e+03,1.069423639318951125e+01
4.271984354150987201e+03,6.133275756767520903e+00
4.274414840223897045e+03,-9.693385571687956892e-01
4.276845326296805979e+03,-7.790528685206225212e+00
4.279275812369715823e+03,-1.443581549449837631e+01
4.281706298442625666e+03,-1.829956875666699290e+01
4.284136784515535510e+03,-1.732363793110983607e+01
4.286567270588445353e+03,-1.474409763049144040e+01
4.288997756661355197e+03,2.425232563417289100e+00
4.291428242734265041e+03,1.955568725879562209e+01
4.293858728807173975e+03,1.616665218866476650e+01
4.296289214880083819e+03,8.545365220472442402e+00
4.298719700952993662e+03,3.957207647973278508e+00
4.301150187025903506e+03,1.826482784303138374e+00
4.303580673098813349e+03,1.344479416828115781e+00
4.306011159171723193e+03,5.317576153327787658e+00
4.308441645244633037e+03,9.281709320125473894e+00
4.310872131317542880e+03,4.066872889495828503e+01
4.313302617390451815e+03,7.251450430730115215e+01
4.315733103463361658e+03,8.194147071004482541e+01
4.318163589536271502e+03,8.116770641941633357e+01
4.320594075609181345e+03,7.445127456771884056e+01
4.323024561682091189e+03,5.832922427399198995e+01
4.325455047755001033e+03,4.222644250691917023e+01
4.327885533827910876e+03,2.596671571357802932e+01
4.330316019900819811e+03,9.743456602478426376e+00
4.332746505973729654e+03,3.294999052746868529e+01
4.335176992046639498e+03,6.797137520420348267e+01
4.337607478119549341e+03,8.993884416964579032e+01
4.340037964192459185e+03,9.602430711616538872e+01
4.342468450265369029e+03,9.936580994398190114e+01
4.344898936338278872e+03,8.376904224733821991e+01
4.347329422411188716e+03,6.820708177687509988e+01
4.349759908484097650e+03,8.862825861704594388e+01
4.352190394557007494e+03,1.182261333142219968e+02
4.354620880629917338e+03,1.354985622474630702e+02
4.357051366702827181e+03,1.383161743912760073e+02
4.359481852775737025e+03,1.367060165124048581e+02
4.361912338848646868e+03,1.017121038567960341e+02
4.364342824921556712e+03,6.679603661377420565e+01
4.366773310994465646e+03,3.982344895676335028e+01
4.369203797067375490e+03,1.528133699224733277e+01
4.371634283140285334e+03,1.281309871126205557e+01
4.374064769213195177e+03,4.155236227041553576e+01
4.376495255286105021e+03,6.840765363948109723e+01
4.378925741359014864e+03,6.240138543547163863e+01
4.381356227431924708e+03,5.640839895094709533e+01
4.383786713504834552e+03,4.065144582679585739e+01
4.386217199577743486e+03,2.044582927506074199e+01
4.388647685650653330e+03,1.554808677528052208e+01
4.391078171723563173e+03,4.428442745927885227e+01
4.393508657796473017e+03,7.295718851690652684e+01
4.395939143869382860e+03,6.095220200180983738e+01
4.398369629942292704e+03,4.602945016822510382e+01
4.400800116015202548e+03,2.504091911254488778e+01
4.403230602088111482e+03,-9.583324373001952390e-01
4.405661088161021326e+03,-2.378159554796681974e+01
4.408091574233931169e+03,-2.946538915041941564e+01
4.410522060306841013e+03,-3.513664319341877018e+01
4.412952546379750856e+03,-5.622613982614666384e+00
4.415383032452660700e+03,3.518914946132557020e+01
4.417813518525570544e+03,5.046793949037643046e+01
4.420244004598479478e+03,1.865975009588660782e+01
4.422674490671389322e+03,-1.307856807988238579e+01
4.425104976744299165e+03,6.975978658857342474e+00
4.427535462817209009e+03,3.031904090982053290e+01
4.429965948890118852e+03,3.722940275753230566e+01
4.432396434963028696e+03,2.912238370688055866e+01
4.434826921035938540e+03,1.731920196243717669e+01
4.437257407108848383e+03,-2.877416453545804131e+01
4.439687893181757318e+03,-7.476663466316885831e+01
4.442118379254667161e+03,-6.239789321764846619e+01
4.444548865327577005e+03,-2.099647021758280729e+01
4.446979351400486848e+03,2.464058250728885469e+01
4.449409837473396692e+03,8.465491259776946720e+01
4.451840323546306536e+03,1.445382042738520170e+02
4.454270809619216379e+03,1.195165722540417192e+02
4.456701295692125314e+03,7.153286001033325192e+01
4.459131781765035157e+03,3.294461303275182473e+01
4.461562267837945001e+03,1.276817756521045588e+01
4.463992753910854844e+03,-7.364347976663968787e+00
4.466423239983764688e+03,3.564126776728846036e+00
4.468853726056674532e+03,1.871530275903266372e+01
4.471284212129584375e+03,3.043412806835146611e+01
4.473714698202494219e+03,3.736398939406520725e+01
4.476145184275403153e+03,4.427878557753285804e+01
4.478575670348312997e+03,1.818128094502999303e+01
4.481006156421222840e+03,-9.730684159874913419e+00
4.483436642494132684e+03,-1.073273023740030929e+01
4.485867128567042528e+03,1.854264478813026429e+01
4.488297614639952371e+03,4.775463091292569828e+01
4.490728100712862215e+03,1.374362034020901291e+00
4.493158586785771149e+03,-4.593537132873087359e+01
4.495589072858680993e+03,-6.685195175783486832e+01
4.498019558931590836e+03,-6.110433775833693204e+01
4.500450045004500680e+03,-5.536909749815065851e+01
